0.000000	0.261194	0.357724	0.266272	0.287805	0.322835	0.290476	0.272300	0.303738	0.248826	0.283019	0.333333	0.219355	0.306250	0.247126	0.286408	0.295082	0.273585	0.257143	0.220096	0.297674	0.241706	0.273585	0.287736	0.232432	0.302198	0.241026	0.309524	0.270000	0.313433	0.274194	0.313084	0.289100	0.295238	0.290076	0.310345	0.265700	0.248408	0.256637	0.257282	0.286585	0.297170	0.266355	0.247619	0.254054	0.246305	0.266332	0.314286	0.284360	0.261682	0.306604	0.320755	0.243902	0.242424	0.223256	0.279621	0.283019	0.257143	0.330189	0.312102	0.298507	0.290816	0.272727	0.259434	0.257009	0.241573	0.258741	0.277512	0.316279	0.250000	0.268868	0.292453	0.278049	0.308057	0.311628	0.278302	0.257009	0.299539	0.296296	0.294686	0.300469	0.296651	0.306604	0.318408	0.275701	0.234450	0.289100	0.301887	0.235897	0.245098	0.240000	0.218009	0.230047	0.196262	0.289100	0.293023	0.259259	0.263682	0.257009	0.253589	0.309524	0.248780	0.289216	0.314815	0.279412	0.271845	0.237209	0.287081	0.255102	0.302083	0.285714	0.260417	0.301020	0.285714	0.298077	0.233161	0.267943	0.305419	0.282927	0.240566	0.260870	0.274419	0.284264	0.283019	0.315534	0.308411	0.311005	0.293839	0.292453	0.325243	0.291080	0.309645	0.270531	0.271028	0.274510	0.264865	0.283654	0.316038	0.294686	0.301887	0.343750	0.257143	0.247423	0.277512	0.234450	0.314554	0.277512	0.253521	0.285714	0.245192	0.328571	0.250000	0.260465	0.272300	0.261084	0.310345	0.250000	0.300000	0.314286	0.281690	0.276190	0.250000	0.247573	0.276042	0.278302	0.241706	0.322275	0.260465	0.292079	0.257009	0.218605	0.267943	0.263682	0.288462	0.291866	0.284360	0.297674	0.283019	0.267677	0.252427	0.247664	0.271739	0.296053	0.283721	0.315789	0.200957	0.263158	0.293839	0.294393	0.279412	0.304762	0.283688	0.301887	0.225564	0.312500	0.243590	0.291005	0.306533	0.268293	0.309859	0.239234	0.240196	0.285714	
0.261194	0.000000	0.355140	0.263566	0.304054	0.297030	0.324503	0.315436	0.267974	0.348684	0.344595	0.364341	0.355932	0.283465	0.267717	0.239726	0.323077	0.250000	0.293333	0.280000	0.333333	0.258278	0.333333	0.320000	0.294118	0.312977	0.283688	0.303922	0.302817	0.349315	0.287234	0.291391	0.326667	0.246667	0.282828	0.339286	0.244898	0.226087	0.273684	0.273973	0.296875	0.260000	0.281046	0.306667	0.261538	0.268456	0.322148	0.260274	0.304054	0.342105	0.313333	0.281046	0.290323	0.319588	0.309211	0.311258	0.313333	0.280000	0.320000	0.301724	0.312500	0.299320	0.344595	0.293333	0.256579	0.286822	0.339623	0.306122	0.298701	0.241830	0.288591	0.344828	0.291667	0.287582	0.281046	0.289474	0.287582	0.350649	0.329032	0.289655	0.311258	0.353333	0.352941	0.364286	0.240000	0.231788	0.254902	0.263158	0.314685	0.288591	0.317241	0.296053	0.284768	0.234899	0.283784	0.271523	0.281046	0.300699	0.287582	0.260000	0.335570	0.308219	0.308219	0.285714	0.279720	0.317568	0.287582	0.342105	0.286713	0.218045	0.243243	0.309353	0.340426	0.308219	0.295302	0.300000	0.315789	0.267123	0.291667	0.313725	0.270270	0.350649	0.367647	0.279221	0.326531	0.260000	0.255172	0.337838	0.304636	0.265306	0.281046	0.312057	0.328671	0.279221	0.411765	0.298507	0.326667	0.337748	0.340278	0.388158	0.375887	0.295302	0.335766	0.261745	0.300000	0.263158	0.340000	0.315789	0.253333	0.306667	0.342593	0.279720	0.324675	0.289474	0.335570	0.291045	0.353333	0.296053	0.317568	0.322368	0.293333	0.281818	0.234899	0.248227	0.260000	0.281879	0.335526	0.339869	0.272727	0.250000	0.311688	0.283784	0.324324	0.306122	0.285714	0.337748	0.346405	0.366667	0.275862	0.263514	0.282895	0.223022	0.341880	0.296053	0.287582	0.295302	0.299320	0.333333	0.279221	0.356164	0.304054	0.394231	0.291667	0.237624	0.251969	0.256410	0.350000	0.239726	0.255172	0.309211	0.277027	0.289655	0.335570	
0.357724	0.355140	0.000000	0.347107	0.287879	0.339806	0.338346	0.407407	0.233577	0.401515	0.348485	0.316239	0.333333	0.339130	0.313559	0.312500	0.403361	0.311111	0.305970	0.296296	0.323529	0.363636	0.333333	0.343284	0.295082	0.301724	0.333333	0.349515	0.301587	0.359375	0.275862	0.279412	0.333333	0.284672	0.318681	0.392857	0.315385	0.240741	0.306122	0.281481	0.387387	0.272059	0.323529	0.246269	0.325203	0.323077	0.333333	0.308271	0.392308	0.321168	0.348148	0.276119	0.292683	0.278351	0.360294	0.293233	0.365672	0.308271	0.360902	0.270270	0.333333	0.302326	0.224806	0.323529	0.303704	0.275000	0.383178	0.389313	0.279412	0.367647	0.350365	0.402439	0.320312	0.281481	0.316176	0.298507	0.345588	0.372263	0.321168	0.348837	0.313869	0.362963	0.397059	0.386364	0.283582	0.345865	0.306569	0.283582	0.303030	0.343511	0.364341	0.313433	0.335766	0.338235	0.320896	0.340741	0.345588	0.328358	0.227941	0.348148	0.340909	0.345865	0.320312	0.379562	0.330827	0.358779	0.311594	0.294118	0.338462	0.293651	0.383459	0.310078	0.335878	0.317829	0.248120	0.312500	0.301471	0.330827	0.292308	0.289855	0.294574	0.304348	0.349593	0.255474	0.284615	0.321168	0.335878	0.362963	0.311111	0.374046	0.281481	0.277778	0.362205	0.352941	0.367089	0.305085	0.301471	0.365672	0.338462	0.340741	0.320611	0.371212	0.304688	0.351145	0.330827	0.318519	0.388060	0.355072	0.276923	0.305970	0.297030	0.277778	0.321168	0.335766	0.295455	0.319672	0.286765	0.311111	0.303704	0.257353	0.301471	0.323810	0.301587	0.302326	0.338346	0.276119	0.320896	0.313869	0.291339	0.308824	0.345588	0.290076	0.318182	0.323077	0.271318	0.296296	0.286765	0.385185	0.323077	0.340909	0.276119	0.316667	0.321101	0.343284	0.318519	0.272727	0.218045	0.242647	0.291971	0.330769	0.248120	0.297030	0.375000	0.262626	0.341463	0.345133	0.335938	0.358779	0.407692	0.345865	0.300752	0.269841	0.287879	
0.266272	0.263566	0.347107	0.000000	0.305699	0.269231	0.261538	0.258883	0.305000	0.284264	0.280612	0.333333	0.282051	0.264516	0.252874	0.282723	0.251534	0.294416	0.306122	0.291457	0.295000	0.253886	0.331633	0.287179	0.262857	0.273810	0.281250	0.275591	0.288889	0.299465	0.245455	0.262626	0.267677	0.236181	0.323077	0.281481	0.307292	0.238095	0.284483	0.288660	0.287500	0.303483	0.276382	0.310881	0.244444	0.280423	0.291005	0.251309	0.294416	0.266332	0.336683	0.303030	0.287129	0.279661	0.235000	0.242424	0.302564	0.294416	0.280612	0.285714	0.260638	0.292818	0.268421	0.269036	0.271357	0.266272	0.250000	0.331633	0.285000	0.215000	0.267677	0.301887	0.273196	0.294416	0.270000	0.279188	0.237374	0.288557	0.275000	0.250000	0.272727	0.270833	0.311558	0.366667	0.282051	0.241026	0.276923	0.299492	0.250000	0.265625	0.301587	0.301020	0.274112	0.255102	0.292308	0.287879	0.296482	0.233161	0.275000	0.250000	0.286458	0.255208	0.298969	0.328358	0.256545	0.300518	0.303483	0.257732	0.283422	0.270718	0.279793	0.315217	0.267760	0.282723	0.282828	0.270115	0.315000	0.279188	0.281250	0.290000	0.256545	0.250000	0.277457	0.257576	0.284974	0.261538	0.324742	0.290816	0.304124	0.314433	0.251256	0.313514	0.281250	0.292929	0.322581	0.286550	0.273196	0.357143	0.247368	0.297436	0.369318	0.317949	0.262570	0.300518	0.231959	0.285714	0.295337	0.303030	0.333333	0.257732	0.273381	0.252688	0.283582	0.248756	0.287234	0.323171	0.274112	0.297980	0.324742	0.248731	0.264249	0.275862	0.257732	0.262570	0.303030	0.274112	0.287179	0.305000	0.276596	0.228426	0.253731	0.263959	0.260417	0.261780	0.284264	0.255102	0.295000	0.284264	0.285714	0.294118	0.296482	0.278788	0.328671	0.294416	0.295918	0.279188	0.297436	0.275000	0.240000	0.251282	0.318182	0.318519	0.273885	0.346154	0.260606	0.222222	0.278689	0.347594	0.285714	0.275000	0.262887	0.208556	0.282051	
0.287805	0.304054	0.287879	0.305699	0.000000	0.368056	0.250000	0.280405	0.245791	0.286195	0.251701	0.253275	0.277778	0.266272	0.277512	0.252669	0.311538	0.280822	0.273649	0.274576	0.308970	0.268707	0.281879	0.311864	0.265560	0.275304	0.288000	0.321429	0.288321	0.280277	0.245283	0.272727	0.278912	0.275510	0.267123	0.298701	0.298246	0.248705	0.184874	0.288390	0.328502	0.278523	0.291946	0.245734	0.273438	0.270833	0.266904	0.280277	0.281356	0.270000	0.324324	0.252525	0.265823	0.275000	0.281879	0.277966	0.315254	0.256757	0.303030	0.284916	0.322581	0.247232	0.256055	0.262626	0.244147	0.259414	0.297872	0.288136	0.302326	0.298013	0.270270	0.303704	0.322917	0.288136	0.255814	0.275168	0.258389	0.278146	0.272425	0.317241	0.271812	0.257732	0.337838	0.311355	0.274576	0.234694	0.284247	0.332215	0.280000	0.297872	0.287234	0.264605	0.248322	0.250000	0.279863	0.318792	0.254181	0.278986	0.240803	0.252595	0.275261	0.302083	0.294118	0.306667	0.275362	0.279310	0.280936	0.286689	0.296703	0.275194	0.284746	0.275093	0.273063	0.257840	0.258621	0.262548	0.270270	0.282759	0.324042	0.260135	0.237762	0.272425	0.276364	0.257627	0.260274	0.289562	0.298969	0.267797	0.276451	0.303448	0.262626	0.238095	0.297578	0.253378	0.291045	0.271318	0.278351	0.279310	0.300699	0.267797	0.328063	0.285714	0.284672	0.293103	0.249158	0.284746	0.283737	0.268456	0.263514	0.287671	0.277419	0.274648	0.258278	0.276094	0.281139	0.268908	0.289562	0.271186	0.285223	0.296296	0.265306	0.254902	0.258621	0.273077	0.277966	0.230508	0.281356	0.273333	0.293040	0.277027	0.222591	0.241497	0.246528	0.296928	0.255172	0.296296	0.302326	0.296296	0.298561	0.243816	0.278523	0.308642	0.273171	0.259259	0.299663	0.222603	0.268707	0.256757	0.284746	0.302083	0.270270	0.351955	0.320225	0.319018	0.288660	0.310160	0.314894	0.238434	0.271127	0.271812	0.240550	0.256944	0.251701	
0.322835	0.297030	0.339806	0.269231	0.368056	0.000000	0.279720	0.369128	0.268456	0.386207	0.324324	0.328125	0.306452	0.312500	0.274809	0.283688	0.304688	0.262069	0.324138	0.288591	0.364865	0.315068	0.297297	0.354167	0.280303	0.286822	0.314685	0.309278	0.343066	0.316547	0.296703	0.324324	0.267123	0.310811	0.320755	0.330097	0.255319	0.258333	0.269663	0.277778	0.271318	0.275168	0.250000	0.352113	0.266667	0.275862	0.272727	0.258741	0.265734	0.335570	0.250000	0.308219	0.333333	0.330097	0.304054	0.275862	0.289655	0.340278	0.342466	0.354545	0.304965	0.253731	0.262411	0.351724	0.304054	0.343284	0.278261	0.331081	0.261745	0.308725	0.226027	0.301075	0.284722	0.287671	0.310811	0.273973	0.270270	0.335570	0.248322	0.335714	0.280822	0.342657	0.333333	0.374101	0.312925	0.270833	0.272109	0.326531	0.255319	0.272727	0.244444	0.299320	0.278912	0.263514	0.323944	0.310345	0.312925	0.335664	0.272109	0.319728	0.309859	0.297872	0.333333	0.373333	0.314286	0.326389	0.324324	0.328767	0.251748	0.276596	0.287671	0.302158	0.248175	0.356164	0.278912	0.291045	0.387755	0.295775	0.344828	0.286667	0.323944	0.369128	0.360902	0.283784	0.290780	0.317568	0.310345	0.301370	0.305556	0.361702	0.292517	0.355072	0.277778	0.310345	0.341176	0.291045	0.279720	0.379310	0.269504	0.321918	0.345070	0.335570	0.286765	0.304965	0.305556	0.306122	0.304965	0.344595	0.312500	0.263889	0.269231	0.335766	0.310811	0.342282	0.321429	0.290076	0.262069	0.312925	0.321918	0.243243	0.303448	0.247788	0.290780	0.301471	0.312925	0.312500	0.307692	0.295302	0.255319	0.284722	0.331081	0.321918	0.361702	0.319149	0.321678	0.306122	0.288591	0.317568	0.333333	0.287671	0.312925	0.285714	0.341880	0.321918	0.351351	0.300699	0.296552	0.308219	0.342282	0.305556	0.319728	0.412281	0.316239	0.265487	0.288000	0.260504	0.305970	0.333333	0.287770	0.297297	0.326241	0.302158	0.347222	
0.290476	0.324503	0.338346	0.261538	0.250000	0.279720	0.000000	0.256329	0.259375	0.250784	0.250000	0.265823	0.333333	0.273256	0.268868	0.237288	0.269784	0.251592	0.264151	0.250000	0.290123	0.278481	0.245283	0.303797	0.283465	0.244275	0.250000	0.302158	0.250847	0.245955	0.232955	0.269592	0.241270	0.240506	0.277027	0.331169	0.241830	0.207071	0.200000	0.284672	0.290323	0.275862	0.253918	0.261146	0.227437	0.252427	0.231544	0.285256	0.270440	0.255452	0.304075	0.210692	0.250000	0.255682	0.259375	0.256329	0.278481	0.249211	0.257053	0.226519	0.239203	0.249147	0.254019	0.253918	0.233645	0.245059	0.285000	0.233438	0.301242	0.265432	0.220126	0.277778	0.253247	0.284810	0.237654	0.243750	0.224299	0.290123	0.244582	0.246795	0.215625	0.226115	0.264151	0.287671	0.264984	0.209524	0.255591	0.276730	0.272727	0.266447	0.255814	0.226837	0.222571	0.230284	0.270701	0.295597	0.230530	0.247423	0.252336	0.270096	0.255663	0.293548	0.294498	0.270186	0.281356	0.283871	0.268750	0.298077	0.239726	0.250923	0.257143	0.276224	0.238908	0.239482	0.250000	0.217857	0.261830	0.266881	0.291262	0.245283	0.211726	0.236760	0.255102	0.263492	0.257962	0.245283	0.227564	0.255521	0.263492	0.293548	0.231975	0.283276	0.240385	0.256329	0.250000	0.250896	0.275641	0.260586	0.257329	0.270440	0.306273	0.277603	0.276451	0.240385	0.229560	0.246835	0.273312	0.250000	0.263323	0.244444	0.289474	0.281046	0.294118	0.239748	0.294702	0.283525	0.243750	0.267296	0.302251	0.250784	0.255521	0.230769	0.229773	0.269504	0.218354	0.236593	0.272152	0.267081	0.263699	0.287066	0.256966	0.241270	0.280645	0.239748	0.233227	0.247649	0.272446	0.272727	0.267559	0.269737	0.263323	0.272031	0.304933	0.272727	0.283912	0.277070	0.261830	0.255521	0.287066	0.239482	0.271293	0.287293	0.314286	0.258621	0.261538	0.296875	0.267782	0.255738	0.297386	0.257053	0.248408	0.235484	0.258675	
0.272300	0.315436	0.407407	0.258883	0.280405	0.369128	0.256329	0.000000	0.276730	0.239748	0.263492	0.365145	0.300971	0.329480	0.274419	0.276451	0.244526	0.287540	0.290221	0.259494	0.295031	0.270440	0.299685	0.303797	0.333333	0.250965	0.297297	0.300000	0.273038	0.279221	0.280702	0.276730	0.288889	0.288889	0.315436	0.284810	0.243421	0.253731	0.305785	0.260870	0.290323	0.305031	0.292453	0.303514	0.229927	0.272727	0.276094	0.283871	0.297468	0.286604	0.302839	0.277603	0.265896	0.267045	0.287500	0.318471	0.326984	0.256329	0.290221	0.337017	0.265101	0.288660	0.274194	0.264984	0.281250	0.251969	0.308458	0.279874	0.305296	0.291925	0.287066	0.307692	0.289902	0.270701	0.307453	0.279874	0.257053	0.284830	0.272446	0.291262	0.288401	0.285256	0.305994	0.295533	0.295238	0.268371	0.316294	0.283912	0.300341	0.271523	0.310000	0.298077	0.251572	0.235849	0.277955	0.299685	0.253125	0.274914	0.278997	0.283871	0.275974	0.284790	0.310458	0.310559	0.277027	0.279221	0.291536	0.299035	0.298969	0.282528	0.289809	0.259649	0.270548	0.264516	0.296417	0.264286	0.281646	0.293548	0.285714	0.268139	0.242623	0.295031	0.247423	0.298413	0.303514	0.267296	0.291667	0.291139	0.316294	0.335505	0.271293	0.296928	0.286174	0.275316	0.333333	0.264286	0.277419	0.297735	0.304918	0.297468	0.313653	0.283019	0.312715	0.282958	0.237342	0.291139	0.274194	0.326019	0.297468	0.275641	0.335443	0.255738	0.298137	0.236593	0.285714	0.277344	0.286164	0.265823	0.295820	0.280757	0.269841	0.211982	0.231270	0.272401	0.247619	0.250000	0.312102	0.286604	0.297945	0.256329	0.273292	0.264331	0.267974	0.277955	0.288462	0.265823	0.291925	0.277603	0.280936	0.299003	0.267296	0.324427	0.330317	0.291536	0.322785	0.258786	0.289809	0.294304	0.293375	0.284790	0.300633	0.309783	0.327684	0.331429	0.316327	0.272251	0.295833	0.286667	0.268852	0.283019	0.262821	0.260586	0.264331	
0.303738	0.267974	0.233577	0.305000	0.245791	0.268456	0.259375	0.276730	0.000000	0.271875	0.261006	0.260504	0.309524	0.298851	0.287037	0.244068	0.269784	0.259494	0.281250	0.248428	0.264615	0.273585	0.275000	0.289308	0.248031	0.266160	0.255725	0.300699	0.229730	0.254839	0.275862	0.277259	0.301887	0.207547	0.264901	0.289308	0.281046	0.262376	0.227642	0.252708	0.270642	0.249221	0.235294	0.257143	0.241007	0.250804	0.270000	0.250000	0.272727	0.291022	0.296875	0.221875	0.263158	0.237288	0.252336	0.255521	0.276730	0.257053	0.281250	0.274725	0.284768	0.230508	0.275641	0.255452	0.229102	0.240157	0.235000	0.293750	0.250000	0.286154	0.256250	0.291667	0.264516	0.236593	0.267692	0.285714	0.250774	0.294479	0.258462	0.301282	0.251553	0.260317	0.300000	0.323129	0.216981	0.240506	0.228571	0.262500	0.253378	0.291803	0.293729	0.273016	0.223602	0.247649	0.267516	0.259375	0.241486	0.269625	0.239130	0.287540	0.263666	0.275641	0.284790	0.287037	0.263514	0.259615	0.263975	0.286624	0.262799	0.232472	0.309148	0.263889	0.254237	0.241935	0.264516	0.256228	0.253918	0.248408	0.270096	0.263975	0.245955	0.238390	0.278912	0.264984	0.262658	0.262500	0.242038	0.285266	0.246835	0.306452	0.262500	0.290102	0.281150	0.270440	0.273973	0.236559	0.236422	0.276527	0.288961	0.265625	0.282609	0.273585	0.265993	0.277070	0.260188	0.283019	0.280255	0.285714	0.235110	0.256329	0.235669	0.290850	0.292308	0.297806	0.283828	0.250965	0.249221	0.263323	0.258786	0.276398	0.264151	0.276018	0.261290	0.277580	0.238994	0.269592	0.255521	0.234568	0.214286	0.250784	0.230769	0.259494	0.254839	0.256329	0.248408	0.263323	0.261538	0.281250	0.255034	0.250000	0.249221	0.262357	0.269058	0.263975	0.285266	0.238095	0.240506	0.268750	0.288401	0.276527	0.238245	0.300546	0.361111	0.262857	0.292929	0.274611	0.292181	0.264706	0.263844	0.258567	0.273016	0.254019	0.251572	
0.248826	0.348684	0.401515	0.284264	0.286195	0.386207	0.250784	0.239748	0.271875	0.000000	0.225705	0.308333	0.264423	0.300578	0.299065	0.263514	0.293907	0.260317	0.260188	0.252366	0.268519	0.268139	0.260188	0.302839	0.311024	0.301887	0.288462	0.302817	0.283784	0.293548	0.304094	0.292835	0.279874	0.264984	0.296053	0.278481	0.262987	0.282178	0.262295	0.262774	0.304147	0.268750	0.237500	0.261146	0.258993	0.247588	0.240000	0.266026	0.269592	0.260870	0.300940	0.259375	0.277457	0.268571	0.270186	0.275316	0.283019	0.247649	0.268750	0.298343	0.272425	0.302721	0.288462	0.260188	0.239130	0.260870	0.285000	0.261830	0.294118	0.287037	0.275862	0.237762	0.250804	0.237342	0.277778	0.256250	0.218069	0.270769	0.290123	0.276527	0.264798	0.270701	0.282132	0.290102	0.264984	0.228571	0.303514	0.311526	0.303030	0.219672	0.287129	0.244444	0.221875	0.207547	0.305732	0.287500	0.267081	0.280822	0.251553	0.278846	0.296774	0.300000	0.284790	0.275542	0.288136	0.282958	0.246106	0.306709	0.256849	0.253676	0.311321	0.228374	0.282313	0.279743	0.280645	0.221429	0.238994	0.282051	0.289389	0.244514	0.250814	0.260870	0.278912	0.310127	0.280757	0.275862	0.270701	0.264151	0.268139	0.278317	0.240625	0.263699	0.278846	0.273585	0.297297	0.227758	0.286624	0.278317	0.273616	0.270440	0.293040	0.258675	0.267123	0.274760	0.232704	0.264151	0.287540	0.264798	0.275000	0.250794	0.275641	0.279605	0.270769	0.244514	0.264026	0.273077	0.278125	0.225000	0.271565	0.307210	0.248428	0.254545	0.266881	0.278571	0.236593	0.282132	0.236593	0.272446	0.267123	0.288401	0.283951	0.273016	0.262136	0.265823	0.269841	0.282132	0.259259	0.278997	0.258389	0.270627	0.256250	0.295455	0.295964	0.264798	0.305031	0.273016	0.293375	0.228840	0.301887	0.270968	0.283019	0.281081	0.293785	0.287356	0.303030	0.310881	0.301653	0.320132	0.293160	0.246875	0.250000	0.249191	0.230284	
0.283019	0.344595	0.348485	0.280612	0.251701	0.324324	0.250000	0.263492	0.261006	0.225705	0.000000	0.320513	0.270531	0.298246	0.263889	0.255102	0.280000	0.277070	0.242902	0.278481	0.284830	0.263492	0.261830	0.314286	0.283465	0.269231	0.254826	0.312500	0.274576	0.253247	0.252941	0.295597	0.260317	0.284810	0.304054	0.299363	0.260726	0.230000	0.268908	0.271062	0.334884	0.263323	0.283019	0.269231	0.249097	0.265372	0.248322	0.273312	0.274448	0.230530	0.261830	0.268139	0.263158	0.289017	0.248428	0.286624	0.294304	0.259494	0.267296	0.303867	0.257525	0.250859	0.276527	0.257862	0.281250	0.278884	0.276382	0.266667	0.258567	0.270186	0.261830	0.237762	0.271845	0.267516	0.236025	0.261006	0.235110	0.253870	0.273292	0.290323	0.285266	0.273885	0.289308	0.320819	0.257143	0.239617	0.270096	0.278997	0.248299	0.270627	0.289037	0.227564	0.242138	0.223270	0.268371	0.274448	0.259375	0.276817	0.266458	0.237942	0.321543	0.265372	0.280130	0.289720	0.286689	0.275081	0.269592	0.286174	0.265517	0.250000	0.258675	0.259649	0.261168	0.267101	0.298701	0.247312	0.287975	0.274194	0.282958	0.249211	0.265574	0.259375	0.273038	0.285714	0.297125	0.304075	0.304487	0.274448	0.261981	0.309446	0.264984	0.255172	0.289809	0.253968	0.267123	0.251799	0.303226	0.308442	0.297386	0.284810	0.297794	0.304762	0.272414	0.286174	0.250000	0.296530	0.293548	0.300940	0.261830	0.275641	0.261438	0.258278	0.322981	0.240506	0.266667	0.275194	0.267296	0.231013	0.262821	0.264151	0.264984	0.264840	0.279221	0.250896	0.243671	0.231013	0.247619	0.295950	0.268041	0.272152	0.257764	0.255591	0.248366	0.248408	0.275641	0.306962	0.298137	0.249211	0.264407	0.267327	0.295597	0.321970	0.289593	0.257862	0.302839	0.250000	0.267516	0.265823	0.316456	0.279221	0.301887	0.298343	0.248588	0.335260	0.268041	0.291005	0.290456	0.290000	0.279605	0.248428	0.259615	0.253247	0.257962	
0.333333	0.364341	0.316239	0.333333	0.253275	0.328125	0.265823	0.365145	0.260504	0.308333	0.320513	0.000000	0.304598	0.289655	0.286517	0.284444	0.295238	0.292373	0.308017	0.289362	0.336100	0.299578	0.281513	0.357447	0.316327	0.273632	0.272300	0.319328	0.263889	0.297414	0.274074	0.294118	0.327660	0.300429	0.314961	0.311111	0.306034	0.271084	0.252336	0.313636	0.292818	0.283898	0.253112	0.283898	0.317308	0.268398	0.281250	0.333333	0.310638	0.360996	0.333333	0.287500	0.328467	0.253623	0.340249	0.331915	0.303797	0.306723	0.285714	0.306667	0.327434	0.259091	0.317391	0.282700	0.255230	0.275362	0.251613	0.308017	0.288703	0.320833	0.250000	0.245763	0.333333	0.282051	0.327801	0.292887	0.268908	0.307054	0.295833	0.310345	0.278481	0.311966	0.322034	0.316742	0.288136	0.253219	0.290598	0.308017	0.255708	0.286957	0.273543	0.280851	0.265823	0.261603	0.306383	0.299578	0.288703	0.316742	0.288703	0.303419	0.286957	0.290043	0.296943	0.302905	0.250000	0.304348	0.285714	0.326180	0.275229	0.269231	0.314894	0.320930	0.269406	0.245763	0.296137	0.289855	0.245763	0.272727	0.327511	0.289916	0.240175	0.253112	0.296296	0.283898	0.323276	0.315126	0.258621	0.279661	0.280851	0.301724	0.310924	0.296296	0.264069	0.326360	0.321739	0.276190	0.304721	0.286325	0.302632	0.275424	0.331754	0.324895	0.259091	0.298701	0.293617	0.308017	0.324675	0.281513	0.313559	0.255411	0.242647	0.303030	0.286307	0.315126	0.302632	0.256281	0.286920	0.275000	0.320513	0.301255	0.296610	0.321637	0.276316	0.305936	0.285714	0.283898	0.282700	0.234310	0.286996	0.292887	0.254167	0.296137	0.314410	0.314655	0.267241	0.345992	0.258333	0.278481	0.308696	0.298246	0.297071	0.368687	0.329412	0.298319	0.323529	0.277778	0.263830	0.302128	0.299578	0.285088	0.263830	0.333333	0.335526	0.280000	0.300613	0.329412	0.250000	0.284444	0.283843	0.300847	0.296137	0.273128	0.292373	
0.219355	0.355932	0.333333	0.282051	0.277778	0.306452	0.333333	0.300971	0.309524	0.264423	0.270531	0.304598	0.000000	0.282443	0.276074	0.265306	0.251337	0.293269	0.320574	0.237864	0.327014	0.274510	0.270531	0.315534	0.258427	0.264045	0.281915	0.277778	0.257576	0.266010	0.282443	0.285714	0.296117	0.289855	0.304348	0.308943	0.293532	0.236486	0.227723	0.324607	0.263804	0.289100	0.271429	0.269608	0.264865	0.295567	0.261307	0.250000	0.299517	0.304762	0.285714	0.302885	0.254237	0.278195	0.266667	0.263158	0.302439	0.280193	0.265700	0.306569	0.315000	0.267016	0.293532	0.266667	0.271429	0.287356	0.313333	0.296117	0.279621	0.266667	0.259615	0.327103	0.336683	0.312195	0.319048	0.270531	0.250000	0.270142	0.274882	0.295567	0.328571	0.295238	0.264423	0.329949	0.268293	0.279412	0.260870	0.278846	0.293532	0.258706	0.303483	0.268293	0.235577	0.239234	0.259804	0.285024	0.317308	0.301508	0.258373	0.269231	0.331658	0.252475	0.273632	0.289100	0.290000	0.310000	0.285714	0.228155	0.279793	0.281250	0.286408	0.291667	0.296482	0.305419	0.240196	0.272727	0.282297	0.243902	0.308824	0.274882	0.265000	0.285714	0.276042	0.272727	0.281553	0.267943	0.331707	0.286408	0.268293	0.326829	0.318841	0.312169	0.273171	0.310680	0.284404	0.288043	0.257282	0.308458	0.232323	0.315789	0.305263	0.284314	0.244792	0.315271	0.248780	0.296117	0.283582	0.316038	0.300971	0.260870	0.266129	0.271357	0.259434	0.276190	0.242574	0.276836	0.274038	0.278846	0.276190	0.245192	0.264423	0.250000	0.273632	0.247368	0.281553	0.247619	0.256039	0.306604	0.271795	0.263158	0.252381	0.275362	0.288557	0.268657	0.320388	0.283654	0.252381	0.302885	0.239796	0.310345	0.263158	0.316940	0.320513	0.318841	0.330097	0.241546	0.280193	0.287081	0.291262	0.303922	0.289216	0.270833	0.242647	0.302158	0.317241	0.258278	0.287356	0.287129	0.245000	0.282297	0.256158	0.246231	0.251208	
0.306250	0.283465	0.339130	0.264516	0.266272	0.312500	0.273256	0.329480	0.298851	0.300578	0.298246	0.289655	0.282443	0.000000	0.302013	0.257310	0.319728	0.275862	0.364706	0.304598	0.295455	0.317919	0.300578	0.317919	0.259740	0.280822	0.305389	0.263158	0.291925	0.290909	0.262626	0.298851	0.304094	0.335260	0.278261	0.286822	0.282353	0.258065	0.247706	0.331361	0.304965	0.335227	0.262857	0.304094	0.318182	0.290909	0.265060	0.267857	0.350877	0.275862	0.275862	0.316092	0.288660	0.238532	0.287356	0.298851	0.335294	0.281609	0.308140	0.289855	0.331288	0.281250	0.280702	0.308140	0.283237	0.277027	0.279661	0.307692	0.297143	0.318182	0.277457	0.354167	0.395210	0.339080	0.240000	0.250000	0.235632	0.289773	0.272727	0.329341	0.265896	0.287425	0.284884	0.335443	0.337209	0.265896	0.255814	0.290698	0.302469	0.303030	0.239264	0.304598	0.287356	0.275862	0.284884	0.313953	0.325714	0.294479	0.267045	0.358382	0.321429	0.309524	0.309091	0.335227	0.325301	0.272189	0.285714	0.282353	0.237500	0.290323	0.284024	0.337580	0.269939	0.303030	0.315476	0.301282	0.289773	0.341176	0.345238	0.295455	0.307692	0.262857	0.339744	0.281609	0.286550	0.309942	0.366864	0.298246	0.331361	0.357143	0.317919	0.279503	0.260606	0.295455	0.238095	0.285714	0.309942	0.325581	0.276074	0.341040	0.368421	0.311765	0.354430	0.252941	0.258824	0.333333	0.276471	0.350575	0.296512	0.282353	0.312977	0.278788	0.335227	0.272727	0.296970	0.275862	0.329480	0.298246	0.357143	0.277457	0.300000	0.343750	0.323529	0.279221	0.306358	0.294798	0.305882	0.275862	0.254545	0.274286	0.245714	0.274854	0.335329	0.304094	0.305882	0.320000	0.262857	0.360465	0.279503	0.294479	0.287356	0.333333	0.343750	0.310345	0.310345	0.271676	0.302326	0.323699	0.287356	0.303571	0.305882	0.362832	0.251799	0.258929	0.285714	0.293233	0.306250	0.293413	0.291667	0.285714	0.278107	0.263473	0.255814	
0.247126	0.267717	0.313559	0.252874	0.277512	0.274809	0.268868	0.274419	0.287037	0.299065	0.263889	0.286517	0.276074	0.302013	0.000000	0.270531	0.265193	0.285047	0.305164	0.242991	0.281106	0.228972	0.331776	0.283019	0.258242	0.252747	0.248756	0.270492	0.275000	0.320574	0.233871	0.277778	0.320930	0.291667	0.318182	0.257576	0.299517	0.223602	0.211538	0.276699	0.327684	0.254630	0.239631	0.274882	0.284211	0.232227	0.280788	0.279621	0.293839	0.226852	0.311628	0.254630	0.290598	0.222222	0.294931	0.274882	0.313084	0.287736	0.291080	0.287582	0.251208	0.260000	0.264423	0.271028	0.293023	0.243243	0.258503	0.275701	0.216590	0.220183	0.279070	0.330357	0.306220	0.306604	0.276498	0.285047	0.285714	0.270642	0.216590	0.271845	0.213953	0.314554	0.288991	0.323232	0.272300	0.276995	0.245283	0.302326	0.241026	0.274038	0.305419	0.242991	0.248826	0.205607	0.274882	0.303738	0.236111	0.286408	0.282407	0.271429	0.265403	0.273585	0.315534	0.325688	0.230000	0.278846	0.281106	0.289100	0.237374	0.188776	0.300469	0.295918	0.230000	0.279621	0.275701	0.236842	0.268519	0.268868	0.265403	0.248848	0.257282	0.273148	0.282051	0.291080	0.278846	0.287037	0.255924	0.234742	0.285714	0.299065	0.231481	0.280788	0.285714	0.274882	0.336538	0.317460	0.308057	0.303318	0.277512	0.302326	0.303665	0.283721	0.282828	0.303318	0.260664	0.281690	0.306220	0.277778	0.278302	0.225352	0.345588	0.254902	0.293578	0.273973	0.259804	0.297143	0.288372	0.271028	0.297170	0.223256	0.239437	0.293750	0.259615	0.243523	0.255814	0.233645	0.282407	0.267281	0.297561	0.255814	0.251142	0.257009	0.271845	0.219048	0.287081	0.276995	0.299539	0.252336	0.247525	0.270531	0.277778	0.228261	0.286624	0.261682	0.262911	0.231132	0.270142	0.226852	0.238318	0.272727	0.302326	0.351724	0.266234	0.302158	0.267081	0.262500	0.293478	0.292683	0.294686	0.267281	0.244019	0.271845	0.262911	
0.286408	0.239726	0.312500	0.282723	0.252669	0.283688	0.237288	0.276451	0.244068	0.263514	0.255102	0.284444	0.265306	0.257310	0.270531	0.000000	0.275591	0.241379	0.261905	0.236301	0.240803	0.254237	0.258503	0.296928	0.267490	0.262295	0.246964	0.328358	0.268116	0.244755	0.226415	0.233898	0.264605	0.245734	0.238095	0.310811	0.248252	0.228723	0.260870	0.262548	0.268293	0.263514	0.257627	0.247423	0.270916	0.248252	0.257246	0.282230	0.249147	0.252525	0.277966	0.200680	0.229299	0.257669	0.249158	0.250000	0.303754	0.252560	0.229730	0.317919	0.267857	0.264493	0.254355	0.264407	0.212121	0.244726	0.284153	0.267123	0.280936	0.256667	0.240678	0.325758	0.276224	0.256849	0.250836	0.250847	0.263514	0.220000	0.257525	0.268293	0.252525	0.258621	0.292517	0.288889	0.232082	0.199313	0.242215	0.224490	0.250000	0.241993	0.285199	0.252595	0.250847	0.200000	0.261168	0.227119	0.265993	0.265455	0.260870	0.256944	0.243902	0.272727	0.265734	0.255034	0.266423	0.247387	0.259259	0.273356	0.244444	0.196078	0.237113	0.222642	0.228782	0.220280	0.267606	0.235521	0.221088	0.236111	0.263158	0.247458	0.243902	0.268456	0.261029	0.260274	0.281787	0.234694	0.217241	0.282313	0.243986	0.290210	0.257627	0.251852	0.266436	0.245734	0.315789	0.258824	0.280277	0.273684	0.275618	0.285714	0.289157	0.253425	0.275735	0.270548	0.248299	0.289116	0.277778	0.269360	0.261017	0.251724	0.319728	0.242958	0.274247	0.241497	0.292857	0.228216	0.261017	0.244068	0.263889	0.258503	0.262799	0.211823	0.234483	0.266409	0.226027	0.242321	0.244898	0.251678	0.272727	0.251701	0.240803	0.242321	0.241259	0.241497	0.259516	0.285714	0.264214	0.305085	0.251799	0.271429	0.253378	0.270161	0.293532	0.271812	0.283276	0.261168	0.248299	0.279863	0.225256	0.271777	0.309524	0.327684	0.280702	0.248447	0.290323	0.231183	0.271552	0.250000	0.254417	0.254237	0.241379	0.229167	0.281787	
0.295082	0.323077	0.403361	0.251534	0.311538	0.304688	0.269784	0.244526	0.269784	0.293907	0.280000	0.295238	0.251337	0.319728	0.265193	0.275591	0.000000	0.286232	0.298561	0.272727	0.309609	0.312727	0.323843	0.268116	0.268182	0.255411	0.276786	0.387097	0.241379	0.265683	0.278788	0.292857	0.301818	0.316364	0.346154	0.330935	0.284644	0.289773	0.311321	0.334746	0.281081	0.296029	0.265233	0.304348	0.243902	0.286765	0.268199	0.253676	0.303249	0.295374	0.299639	0.290323	0.226994	0.298780	0.298561	0.294545	0.322581	0.282609	0.287770	0.339869	0.319392	0.277992	0.301471	0.262590	0.307143	0.278027	0.345550	0.292419	0.275000	0.262411	0.269784	0.276119	0.313653	0.280000	0.277580	0.255396	0.257143	0.276596	0.309609	0.247232	0.315412	0.324910	0.273381	0.343396	0.286232	0.253623	0.290441	0.296029	0.316981	0.269663	0.344569	0.272059	0.276978	0.277978	0.283088	0.296029	0.292857	0.278431	0.279570	0.264706	0.292593	0.288321	0.304833	0.267857	0.286822	0.273723	0.258065	0.302920	0.262548	0.231092	0.307971	0.295720	0.262548	0.282528	0.301115	0.278884	0.272727	0.258303	0.324723	0.291367	0.253731	0.290323	0.272727	0.302920	0.302920	0.312950	0.317343	0.301818	0.250000	0.308824	0.324910	0.299213	0.295203	0.304348	0.304965	0.298805	0.308824	0.318352	0.285185	0.299639	0.334711	0.302920	0.272031	0.261029	0.251799	0.300725	0.267399	0.302491	0.285199	0.302920	0.311594	0.272388	0.288256	0.260870	0.318352	0.288703	0.297491	0.274368	0.296703	0.274368	0.272727	0.233010	0.234201	0.296000	0.259928	0.233813	0.332117	0.288256	0.250980	0.309353	0.302491	0.248175	0.249084	0.255474	0.280443	0.286232	0.302491	0.276978	0.256604	0.314607	0.281588	0.280851	0.323529	0.268817	0.286738	0.254613	0.270758	0.300725	0.296029	0.297398	0.282609	0.327381	0.328859	0.354430	0.327381	0.232955	0.290476	0.297398	0.286245	0.244604	0.265455	0.273063	0.297101	
0.273585	0.250000	0.311111	0.294416	0.280822	0.262069	0.251592	0.287540	0.259494	0.260317	0.277070	0.292373	0.293269	0.275862	0.285047	0.241379	0.286232	0.000000	0.279365	0.239617	0.256250	0.280255	0.284810	0.299363	0.282258	0.271318	0.239382	0.313869	0.271478	0.277778	0.266272	0.268987	0.233974	0.268371	0.260274	0.301282	0.233553	0.233503	0.221311	0.285185	0.296296	0.249211	0.230284	0.233227	0.272727	0.282468	0.256757	0.256494	0.277603	0.254717	0.261830	0.253165	0.290698	0.251462	0.306962	0.257962	0.255591	0.196203	0.265823	0.293785	0.285235	0.262069	0.271845	0.253968	0.238245	0.254980	0.333333	0.274760	0.253918	0.234375	0.244444	0.293706	0.264706	0.262821	0.250000	0.253165	0.223975	0.295031	0.234375	0.279221	0.249211	0.258065	0.300633	0.312715	0.249201	0.209003	0.250804	0.288889	0.291096	0.262295	0.270903	0.244373	0.221519	0.191083	0.266881	0.281646	0.246875	0.268966	0.255521	0.254839	0.259740	0.276873	0.240132	0.275862	0.253425	0.327922	0.249211	0.288026	0.231834	0.220974	0.277955	0.268293	0.219931	0.233766	0.282468	0.258993	0.261146	0.246795	0.272727	0.269841	0.260726	0.283019	0.234483	0.258786	0.258786	0.257143	0.254839	0.270701	0.294872	0.272131	0.257143	0.256055	0.274194	0.269841	0.291667	0.274368	0.252427	0.279605	0.276316	0.234177	0.308824	0.281150	0.246528	0.233974	0.248408	0.219048	0.248387	0.292453	0.222222	0.279743	0.311688	0.261589	0.290625	0.260317	0.260870	0.261538	0.272152	0.243671	0.292208	0.273016	0.264331	0.202703	0.252459	0.258865	0.233227	0.265823	0.246006	0.266458	0.274576	0.284810	0.271875	0.252396	0.289474	0.224359	0.279743	0.273885	0.275000	0.273016	0.279461	0.247525	0.277603	0.257692	0.286364	0.259494	0.301587	0.243590	0.257235	0.269841	0.280255	0.272727	0.232484	0.264045	0.342857	0.271676	0.264249	0.324742	0.294118	0.251656	0.228477	0.253165	0.280645	0.245902	0.268371	
0.257143	0.293333	0.305970	0.306122	0.273649	0.324138	0.264151	0.290221	0.281250	0.260188	0.242902	0.308017	0.320574	0.364706	0.305164	0.261905	0.298561	0.279365	0.000000	0.232704	0.290123	0.305994	0.260188	0.280757	0.266932	0.273077	0.285714	0.319149	0.277966	0.280645	0.258621	0.278125	0.322785	0.246057	0.256757	0.343949	0.267974	0.238806	0.303279	0.240876	0.304147	0.265625	0.287500	0.270701	0.242754	0.251613	0.260000	0.289389	0.267296	0.260870	0.318750	0.244514	0.270115	0.257143	0.243750	0.262658	0.271293	0.261006	0.294671	0.292135	0.272425	0.281356	0.266026	0.264798	0.270186	0.262948	0.326633	0.296530	0.266254	0.271605	0.278997	0.209790	0.258900	0.246835	0.305556	0.275000	0.267913	0.307692	0.305556	0.290323	0.280374	0.268139	0.306250	0.301370	0.235849	0.253968	0.284345	0.288401	0.240678	0.302632	0.273026	0.219745	0.256250	0.238994	0.316294	0.266458	0.295031	0.276451	0.267913	0.237179	0.295820	0.290323	0.295455	0.300310	0.298305	0.266881	0.267913	0.329073	0.273973	0.262963	0.294304	0.238754	0.307167	0.255663	0.270968	0.253571	0.267296	0.285256	0.319355	0.257053	0.293160	0.267081	0.283276	0.275316	0.288889	0.275862	0.255591	0.276730	0.263492	0.300971	0.278997	0.262799	0.291667	0.302839	0.301370	0.268817	0.256410	0.279221	0.314935	0.283019	0.293040	0.271293	0.301370	0.281150	0.235849	0.293375	0.287540	0.266254	0.257862	0.257962	0.292208	0.284314	0.290123	0.242138	0.307947	0.247104	0.246875	0.251572	0.293930	0.275862	0.299685	0.252294	0.268608	0.243816	0.230284	0.231250	0.261830	0.309598	0.284247	0.283019	0.268519	0.257143	0.240260	0.260317	0.261146	0.292453	0.268519	0.294671	0.282828	0.270627	0.303125	0.296578	0.286364	0.284375	0.295597	0.286624	0.288889	0.270440	0.298742	0.309677	0.283019	0.316940	0.261364	0.282486	0.262887	0.301587	0.287500	0.281457	0.307190	0.228125	0.265823	0.238710	0.271293	
0.220096	0.280000	0.296296	0.291457	0.274576	0.288591	0.250000	0.259494	0.248428	0.252366	0.278481	0.289362	0.237864	0.304598	0.242991	0.236301	0.272727	0.239617	0.232704	0.000000	0.267081	0.257143	0.223270	0.278481	0.264000	0.253846	0.264368	0.304965	0.241497	0.236246	0.261628	0.254717	0.277070	0.242138	0.300000	0.294872	0.246711	0.220000	0.223140	0.273723	0.269767	0.289720	0.251572	0.246795	0.237410	0.277419	0.287625	0.242718	0.265823	0.284375	0.289308	0.264984	0.219653	0.211429	0.226415	0.245223	0.272152	0.272152	0.227129	0.298343	0.263333	0.239726	0.254019	0.227129	0.246106	0.242063	0.311558	0.272152	0.229814	0.263975	0.236593	0.263889	0.265372	0.270701	0.279503	0.267296	0.250784	0.284830	0.260870	0.251613	0.241379	0.265176	0.276730	0.292096	0.246835	0.216561	0.250804	0.280757	0.266212	0.266447	0.256667	0.217949	0.188679	0.227848	0.270096	0.261830	0.243750	0.265306	0.228840	0.254839	0.265372	0.238710	0.283388	0.283489	0.252560	0.270968	0.238245	0.273312	0.251724	0.228782	0.289809	0.233449	0.251701	0.250814	0.252427	0.244604	0.276730	0.240385	0.273312	0.206897	0.252459	0.261682	0.263699	0.253968	0.292994	0.236593	0.281150	0.256329	0.258786	0.275081	0.249211	0.260274	0.234727	0.256329	0.262069	0.268817	0.251613	0.275974	0.289902	0.259494	0.301471	0.259494	0.264605	0.282958	0.246835	0.264984	0.282958	0.269592	0.250000	0.228571	0.320261	0.273927	0.267081	0.257862	0.246667	0.245136	0.229560	0.259494	0.259615	0.261830	0.266667	0.192661	0.246753	0.282143	0.250000	0.250000	0.260317	0.246106	0.257732	0.297468	0.276398	0.255591	0.246753	0.239617	0.260450	0.306962	0.294118	0.257862	0.243243	0.252492	0.251572	0.267176	0.243243	0.292453	0.309148	0.246795	0.267516	0.283019	0.284810	0.241935	0.227129	0.261111	0.331461	0.251429	0.314433	0.260417	0.269710	0.286667	0.286645	0.222571	0.233974	0.226537	0.264331	
0.297674	0.333333	0.323529	0.295000	0.308970	0.364865	0.290123	0.295031	0.264615	0.268519	0.284830	0.336100	0.327014	0.295455	0.281106	0.240803	0.309609	0.256250	0.290123	0.267081	0.000000	0.295031	0.280864	0.298137	0.299611	0.286792	0.271698	0.305556	0.256667	0.273885	0.295455	0.298462	0.308411	0.282609	0.309211	0.262500	0.283871	0.246305	0.300813	0.304659	0.289593	0.246154	0.267692	0.271875	0.294326	0.269841	0.289474	0.275316	0.299383	0.262997	0.264615	0.253086	0.245714	0.241573	0.286154	0.273292	0.307453	0.291022	0.271605	0.304348	0.301639	0.238255	0.271293	0.259259	0.278287	0.304688	0.279412	0.276398	0.289634	0.285714	0.271605	0.298611	0.292994	0.289720	0.269697	0.295385	0.279141	0.284848	0.282675	0.311111	0.266871	0.272727	0.317901	0.360269	0.272446	0.253125	0.273585	0.310769	0.282392	0.304207	0.276873	0.278997	0.289231	0.244582	0.307210	0.287037	0.247706	0.310811	0.266871	0.293375	0.269841	0.262658	0.293930	0.280488	0.289037	0.320635	0.263804	0.276730	0.271812	0.246377	0.308411	0.253425	0.267559	0.254777	0.273885	0.277193	0.272446	0.274448	0.281646	0.246914	0.275641	0.293578	0.238255	0.280374	0.284375	0.317901	0.286164	0.253870	0.287500	0.311111	0.293210	0.269360	0.295597	0.263975	0.342282	0.292254	0.264984	0.281150	0.266026	0.263158	0.292419	0.275542	0.303030	0.276730	0.272446	0.285714	0.261830	0.276074	0.284830	0.269592	0.360759	0.261290	0.306991	0.287926	0.270358	0.295455	0.276923	0.278638	0.261830	0.273846	0.248447	0.291480	0.270701	0.287719	0.263975	0.284830	0.223602	0.259146	0.309764	0.260062	0.285714	0.268750	0.254777	0.240625	0.261006	0.300310	0.258359	0.283951	0.261589	0.271845	0.255385	0.283582	0.314159	0.289231	0.281734	0.272727	0.278125	0.275542	0.278638	0.285714	0.291022	0.298913	0.311111	0.292135	0.281407	0.309278	0.273469	0.250814	0.295820	0.280000	0.272727	0.251592	0.261682	
