0.000000	0.267606	0.300000	0.269360	0.280000	0.201258	0.275281	0.259259	0.283784	0.271698	0.291667	0.276836	0.302222	0.240550	0.273649	0.277027	0.274576	0.309764	0.262458	0.296667	0.233333	0.256667	0.276667	0.229236	0.253333	0.241667	0.313364	0.266212	0.294776	0.268293	0.312727	0.277778	0.250000	0.284746	0.327703	0.286667	0.263636	0.270175	0.311787	0.281768	0.235495	0.229730	0.298658	0.292096	0.256757	0.279461	0.271186	0.280936	0.285714	0.279461	0.301418	0.245791	0.300676	0.261745	0.306122	0.254980	0.314189	
0.267606	0.000000	0.265018	0.292857	0.247423	0.267516	0.210227	0.260714	0.253571	0.288538	0.294372	0.289157	0.285047	0.224638	0.257143	0.242857	0.265233	0.281139	0.288732	0.268551	0.254417	0.247350	0.282686	0.246479	0.274648	0.262009	0.279412	0.270758	0.258964	0.287823	0.314176	0.252747	0.286667	0.268817	0.307143	0.325088	0.246377	0.259259	0.272000	0.254335	0.247312	0.269504	0.298932	0.281022	0.293907	0.266904	0.272401	0.251773	0.284173	0.257143	0.318352	0.285714	0.275986	0.259786	0.273973	0.235294	0.264286	
0.300000	0.265018	0.000000	0.317568	0.306533	0.272152	0.299435	0.239057	0.308475	0.303030	0.292887	0.282486	0.306667	0.272414	0.277966	0.244068	0.289116	0.297297	0.306667	0.301003	0.280936	0.290970	0.297659	0.293333	0.280936	0.246862	0.333333	0.263699	0.277154	0.328671	0.317518	0.303136	0.309677	0.289116	0.301695	0.294314	0.287671	0.267606	0.293893	0.287293	0.315068	0.261017	0.319865	0.312715	0.254237	0.260135	0.295918	0.291946	0.316327	0.263514	0.290780	0.243243	0.314189	0.292929	0.299320	0.272000	0.298305	
0.269360	0.292857	0.317568	0.000000	0.263959	0.322785	0.327684	0.249147	0.280822	0.282443	0.329114	0.314286	0.307692	0.245675	0.266212	0.297945	0.250859	0.317406	0.282828	0.259259	0.250000	0.283784	0.253378	0.245791	0.253378	0.254237	0.285047	0.245675	0.257576	0.243816	0.285714	0.266667	0.270968	0.257732	0.256849	0.334459	0.261468	0.238434	0.328185	0.256983	0.237931	0.269625	0.278912	0.289199	0.246575	0.210884	0.243986	0.326599	0.289655	0.284746	0.273381	0.272109	0.297945	0.265306	0.305556	0.262097	0.294521	
0.280000	0.247423	0.306533	0.263959	0.000000	0.299270	0.256757	0.213198	0.272727	0.276596	0.273810	0.294574	0.265823	0.253886	0.279188	0.262626	0.243655	0.313131	0.270000	0.261307	0.236181	0.261307	0.281407	0.300000	0.281407	0.243902	0.296774	0.252577	0.254144	0.289474	0.292553	0.252577	0.308824	0.257576	0.271795	0.301508	0.251534	0.247423	0.314607	0.311594	0.225641	0.282828	0.321608	0.301020	0.258883	0.214286	0.210256	0.287879	0.284264	0.290816	0.345745	0.294416	0.314721	0.274112	0.285714	0.284916	0.280612	
0.201258	0.267516	0.272152	0.322785	0.299270	0.000000	0.285714	0.303226	0.273885	0.316129	0.255319	0.294643	0.302158	0.258065	0.275641	0.254777	0.272152	0.297468	0.314465	0.253165	0.234177	0.272152	0.291139	0.232704	0.301887	0.250000	0.381679	0.258065	0.294521	0.263158	0.309677	0.292208	0.268293	0.297468	0.333333	0.348101	0.309353	0.279221	0.310345	0.264463	0.261146	0.257862	0.316456	0.318471	0.289308	0.329114	0.269231	0.253165	0.288462	0.288462	0.337748	0.288462	0.314103	0.254777	0.228070	0.248276	0.282051	
0.275281	0.210227	0.299435	0.327684	0.256757	0.285714	0.000000	0.250000	0.291429	0.280702	0.303226	0.260163	0.293333	0.232558	0.251429	0.244318	0.265537	0.327684	0.337079	0.271186	0.224719	0.237288	0.316384	0.258427	0.280899	0.263158	0.358621	0.277457	0.296296	0.274854	0.279762	0.294798	0.243902	0.286517	0.350575	0.322034	0.285714	0.242775	0.301205	0.282443	0.276836	0.308989	0.352273	0.271676	0.305085	0.310734	0.291429	0.237288	0.247126	0.257143	0.331395	0.281609	0.339080	0.232955	0.243697	0.222222	0.310345	
0.259259	0.260714	0.239057	0.249147	0.213198	0.303226	0.250000	0.000000	0.270548	0.256705	0.232068	0.267045	0.251121	0.250871	0.250000	0.273973	0.240550	0.276451	0.255892	0.246622	0.253378	0.277027	0.290541	0.239057	0.263514	0.223629	0.251163	0.214533	0.222642	0.264085	0.284133	0.232394	0.283871	0.233677	0.284247	0.250000	0.267281	0.238434	0.273077	0.217877	0.231834	0.250000	0.302721	0.263889	0.219178	0.232082	0.223368	0.244068	0.274914	0.255973	0.284698	0.266212	0.286689	0.255102	0.241379	0.246964	0.263699	
0.283784	0.253571	0.308475	0.280822	0.272727	0.273885	0.291429	0.270548	0.000000	0.321839	0.327731	0.297143	0.297297	0.271777	0.295533	0.261168	0.237931	0.308219	0.260135	0.277966	0.271186	0.274576	0.277966	0.250000	0.264407	0.264706	0.262911	0.284722	0.266160	0.315603	0.329630	0.275618	0.285714	0.279310	0.295533	0.315254	0.298165	0.239286	0.329457	0.268156	0.284722	0.281787	0.285714	0.286713	0.295533	0.267123	0.279310	0.309524	0.259516	0.318493	0.332130	0.297945	0.305842	0.290102	0.315068	0.256098	0.257732	
0.271698	0.288538	0.303030	0.282443	0.276596	0.316129	0.280702	0.256705	0.321839	0.000000	0.300926	0.270968	0.277228	0.269531	0.225191	0.298851	0.241379	0.268199	0.286792	0.276515	0.265152	0.280303	0.291667	0.267925	0.261364	0.212264	0.279793	0.260700	0.225532	0.280632	0.307377	0.288538	0.313333	0.286260	0.300000	0.280303	0.305000	0.298805	0.303419	0.317073	0.228682	0.255725	0.281369	0.319066	0.278626	0.283525	0.250000	0.238636	0.308880	0.274809	0.294355	0.279693	0.318008	0.254753	0.278571	0.301310	0.283525	
0.291667	0.294372	0.292887	0.329114	0.273810	0.255319	0.303226	0.232068	0.327731	0.300926	0.000000	0.261745	0.299465	0.297872	0.299578	0.310924	0.324895	0.286920	0.275000	0.283333	0.242678	0.312500	0.283333	0.270833	0.276151	0.285000	0.286517	0.268085	0.241860	0.275862	0.286996	0.261803	0.316176	0.260504	0.277311	0.305439	0.272727	0.296943	0.273148	0.243243	0.279661	0.275424	0.319328	0.274678	0.263830	0.283898	0.254237	0.284519	0.293617	0.248945	0.306667	0.329114	0.336170	0.268908	0.248120	0.269231	0.351464	
0.276836	0.289157	0.282486	0.314286	0.294574	0.294643	0.260163	0.267045	0.297143	0.270968	0.261745	0.000000	0.283784	0.239766	0.242775	0.245714	0.298851	0.270115	0.271186	0.255682	0.278409	0.242938	0.242938	0.288136	0.272727	0.264516	0.289855	0.234286	0.238095	0.333333	0.277778	0.327485	0.245283	0.262857	0.333333	0.238636	0.228571	0.255814	0.291925	0.267176	0.320000	0.270115	0.289773	0.270115	0.261364	0.251429	0.262857	0.325714	0.289017	0.242775	0.270115	0.289017	0.297143	0.242938	0.218182	0.279720	0.297143	
0.302222	0.285047	0.306667	0.307692	0.265823	0.302158	0.293333	0.251121	0.297297	0.277228	0.299465	0.283784	0.000000	0.267281	0.277273	0.301802	0.295964	0.295964	0.275556	0.263393	0.281250	0.267857	0.267857	0.306667	0.302222	0.247368	0.248555	0.243243	0.251185	0.327103	0.333333	0.271889	0.259542	0.261261	0.310811	0.254464	0.224719	0.287037	0.290000	0.250000	0.251142	0.283784	0.333333	0.262443	0.295964	0.297297	0.259091	0.273543	0.289593	0.253394	0.341014	0.316742	0.266968	0.228700	0.265625	0.277778	0.312217	
0.240550	0.224638	0.272414	0.245675	0.253886	0.258065	0.232558	0.250871	0.271777	0.269531	0.297872	0.239766	0.267281	0.000000	0.257840	0.248252	0.242105	0.257840	0.271478	0.264605	0.248276	0.234483	0.279310	0.254296	0.262069	0.244635	0.300469	0.250883	0.284615	0.259928	0.299625	0.271429	0.245033	0.237762	0.300699	0.244828	0.225352	0.243636	0.263780	0.284091	0.254417	0.244755	0.267361	0.266904	0.265734	0.233449	0.265734	0.271478	0.259649	0.252595	0.311355	0.250000	0.286713	0.229167	0.241135	0.222222	0.278746	
0.273649	0.257143	0.277966	0.266212	0.279188	0.275641	0.251429	0.250000	0.295533	0.225191	0.299578	0.242775	0.277273	0.257840	0.000000	0.281787	0.251724	0.239726	0.263514	0.256757	0.244068	0.264407	0.261017	0.283784	0.284746	0.250000	0.283019	0.239583	0.235741	0.275618	0.339483	0.281690	0.296053	0.258621	0.281787	0.281356	0.293023	0.260714	0.290698	0.278409	0.243056	0.261168	0.290102	0.293706	0.261168	0.267123	0.248276	0.261017	0.301038	0.273038	0.328520	0.259386	0.292096	0.266212	0.312500	0.230769	0.274914	
0.277027	0.242857	0.244068	0.297945	0.262626	0.254777	0.244318	0.273973	0.261168	0.298851	0.310924	0.245714	0.301802	0.248252	0.281787	0.000000	0.254296	0.308219	0.256757	0.244068	0.267797	0.261017	0.291525	0.277027	0.261017	0.262712	0.287736	0.274306	0.292776	0.287234	0.303704	0.236749	0.292208	0.262069	0.283276	0.277966	0.237209	0.242857	0.294574	0.264045	0.288194	0.267123	0.283276	0.272727	0.278351	0.243151	0.265517	0.306122	0.311419	0.273973	0.284173	0.253425	0.288660	0.266212	0.268966	0.255061	0.262799	
0.274576	0.265233	0.289116	0.250859	0.243655	0.272152	0.265537	0.240550	0.237931	0.241379	0.324895	0.298851	0.295964	0.242105	0.251724	0.254296	0.000000	0.292096	0.277966	0.265306	0.282313	0.272109	0.295918	0.271186	0.282313	0.226496	0.308057	0.261324	0.244275	0.277580	0.275093	0.283688	0.309211	0.235294	0.293103	0.275510	0.299065	0.258065	0.323077	0.310734	0.260417	0.279310	0.246575	0.273684	0.270548	0.257732	0.252595	0.259386	0.298611	0.285223	0.275362	0.264605	0.300000	0.253425	0.319728	0.246964	0.313793	
0.309764	0.281139	0.297297	0.317406	0.313131	0.297468	0.327684	0.276451	0.308219	0.268199	0.286920	0.270115	0.295964	0.257840	0.239726	0.308219	0.292096	0.000000	0.272727	0.270270	0.277027	0.293919	0.283784	0.289562	0.279461	0.281513	0.320930	0.255172	0.264151	0.272085	0.301471	0.305263	0.309677	0.271478	0.320819	0.277027	0.283105	0.256228	0.292308	0.262570	0.314879	0.273038	0.312925	0.289199	0.256849	0.275510	0.264605	0.261017	0.316151	0.262799	0.327338	0.293515	0.297945	0.268707	0.294521	0.229839	0.297945	
0.262458	0.288732	0.306667	0.282828	0.270000	0.314465	0.337079	0.255892	0.260135	0.286792	0.275000	0.271186	0.275556	0.271478	0.263514	0.256757	0.277966	0.272727	0.000000	0.246667	0.276667	0.293333	0.280000	0.232558	0.250000	0.279167	0.267281	0.276451	0.223881	0.327526	0.345455	0.281250	0.288462	0.261017	0.290541	0.283333	0.250000	0.263158	0.296578	0.320442	0.262799	0.277027	0.302013	0.285223	0.246622	0.255892	0.274576	0.307692	0.275510	0.292929	0.301418	0.296296	0.310811	0.278523	0.272109	0.282869	0.287162	
0.296667	0.268551	0.301003	0.259259	0.261307	0.253165	0.271186	0.246622	0.277966	0.276515	0.283333	0.255682	0.263393	0.264605	0.256757	0.244068	0.265306	0.270270	0.246667	0.000000	0.254181	0.280936	0.274247	0.280000	0.274247	0.213389	0.291667	0.243151	0.232210	0.279720	0.261818	0.204861	0.277419	0.261905	0.305085	0.267559	0.242009	0.239437	0.301527	0.222222	0.267123	0.305085	0.296296	0.262069	0.244068	0.243243	0.261905	0.280936	0.262799	0.255892	0.288256	0.232323	0.271186	0.245791	0.226027	0.250996	0.274576	
0.233333	0.254417	0.280936	0.250000	0.236181	0.234177	0.224719	0.253378	0.271186	0.265152	0.242678	0.278409	0.281250	0.248276	0.244068	0.267797	0.282313	0.277027	0.276667	0.254181	0.000000	0.270903	0.267559	0.236667	0.257525	0.262500	0.268519	0.232877	0.250936	0.244755	0.259124	0.282230	0.225806	0.258503	0.294915	0.267559	0.205479	0.232394	0.285171	0.255556	0.246575	0.274576	0.299663	0.272414	0.267797	0.229730	0.207483	0.281879	0.307167	0.280405	0.302491	0.233108	0.284746	0.245791	0.258503	0.228000	0.284746	
0.256667	0.247350	0.290970	0.283784	0.261307	0.272152	0.237288	0.277027	0.274576	0.280303	0.312500	0.242938	0.267857	0.234483	0.264407	0.261017	0.272109	0.293919	0.293333	0.280936	0.270903	0.000000	0.286667	0.266667	0.247492	0.200000	0.308756	0.273973	0.268657	0.296167	0.288321	0.243902	0.270968	0.312925	0.342373	0.304348	0.283105	0.267606	0.281369	0.272222	0.255973	0.291525	0.279461	0.286207	0.294915	0.260135	0.258503	0.285235	0.290102	0.233108	0.291815	0.263514	0.301695	0.281879	0.272109	0.248000	0.284746	
0.276667	0.282686	0.297659	0.253378	0.281407	0.291139	0.316384	0.290541	0.277966	0.291667	0.283333	0.242938	0.267857	0.279310	0.261017	0.291525	0.295918	0.283784	0.280000	0.274247	0.267559	0.286667	0.000000	0.260000	0.257525	0.225000	0.276498	0.239726	0.291045	0.313589	0.317518	0.306620	0.283871	0.272109	0.308475	0.284281	0.296804	0.250000	0.311787	0.294444	0.259386	0.284746	0.276094	0.275862	0.277966	0.219595	0.258503	0.302013	0.255973	0.270270	0.270463	0.290541	0.284746	0.265101	0.326531	0.276000	0.325424	
0.229236	0.246479	0.293333	0.245791	0.300000	0.232704	0.258427	0.239057	0.250000	0.267925	0.270833	0.288136	0.306667	0.254296	0.283784	0.277027	0.271186	0.289562	0.232558	0.280000	0.236667	0.266667	0.260000	0.000000	0.236667	0.216667	0.299539	0.255973	0.223881	0.282230	0.290909	0.274306	0.230769	0.237288	0.290541	0.283333	0.236364	0.221053	0.285171	0.243094	0.225256	0.270270	0.251678	0.295533	0.270270	0.228956	0.230508	0.270903	0.265306	0.262626	0.304965	0.282828	0.320946	0.251678	0.278912	0.270916	0.273649	
0.253333	0.274648	0.280936	0.253378	0.281407	0.301887	0.280899	0.263514	0.264407	0.261364	0.276151	0.272727	0.302222	0.262069	0.284746	0.261017	0.282313	0.279461	0.250000	0.274247	0.257525	0.247492	0.257525	0.236667	0.000000	0.266667	0.317972	0.279863	0.258427	0.276224	0.290909	0.292683	0.262821	0.261905	0.260135	0.287625	0.277273	0.246479	0.305344	0.270718	0.284247	0.260135	0.262626	0.282759	0.271186	0.239057	0.251701	0.285235	0.289116	0.290541	0.281139	0.236486	0.325424	0.265993	0.340136	0.266932	0.271186	
0.241667	0.262009	0.246862	0.254237	0.243902	0.250000	0.263158	0.223629	0.264706	0.212264	0.285000	0.264516	0.247368	0.244635	0.250000	0.262712	0.226496	0.281513	0.279167	0.213389	0.262500	0.200000	0.225000	0.216667	0.266667	0.000000	0.280000	0.248945	0.238532	0.271552	0.267281	0.235808	0.251908	0.252101	0.309322	0.284519	0.265193	0.245690	0.299539	0.264151	0.217949	0.279661	0.280335	0.302128	0.245763	0.239496	0.254237	0.264706	0.255319	0.220339	0.276316	0.239496	0.296610	0.230126	0.240310	0.251256	0.283898	
0.313364	0.279412	0.333333	0.285047	0.296774	0.381679	0.358621	0.251163	0.262911	0.279793	0.286517	0.289855	0.248555	0.300469	0.283019	0.287736	0.308057	0.320930	0.267281	0.291667	0.268519	0.308756	0.276498	0.299539	0.317972	0.280000	0.000000	0.262911	0.199005	0.296651	0.280952	0.250000	0.320611	0.250000	0.319249	0.290323	0.291209	0.286408	0.312169	0.258503	0.250000	0.313084	0.327103	0.277512	0.271028	0.280374	0.303738	0.305556	0.314815	0.289720	0.259804	0.295775	0.311321	0.283721	0.316667	0.278351	0.352113	
0.266212	0.270758	0.263699	0.245675	0.252577	0.258065	0.277457	0.214533	0.284722	0.260700	0.268085	0.234286	0.243243	0.250883	0.239583	0.274306	0.261324	0.255172	0.276451	0.243151	0.232877	0.273973	0.239726	0.255973	0.279863	0.248945	0.262911	0.000000	0.216730	0.241993	0.291045	0.257143	0.226667	0.261324	0.311419	0.291096	0.262673	0.238267	0.269531	0.251397	0.242105	0.266436	0.296552	0.236749	0.260417	0.258621	0.261324	0.271478	0.271777	0.262976	0.301818	0.287197	0.277778	0.224138	0.250000	0.265306	0.288194	
0.294776	0.258964	0.277154	0.257576	0.254144	0.294521	0.296296	0.222642	0.266160	0.225532	0.241860	0.238095	0.251185	0.284615	0.235741	0.292776	0.244275	0.264151	0.223881	0.232210	0.250936	0.268657	0.291045	0.223881	0.258427	0.238532	0.199005	0.216730	0.000000	0.283525	0.262097	0.240310	0.255172	0.227273	0.258555	0.284644	0.262136	0.245059	0.263598	0.242604	0.218391	0.250951	0.298113	0.237548	0.223485	0.234848	0.236641	0.281955	0.309160	0.271698	0.297619	0.276515	0.307985	0.233083	0.233577	0.263158	0.273764	
0.268293	0.287823	0.328671	0.243816	0.289474	0.263158	0.274854	0.264085	0.315603	0.280632	0.275862	0.333333	0.327103	0.259928	0.275618	0.287234	0.277580	0.272085	0.327526	0.279720	0.244755	0.296167	0.313589	0.282230	0.276224	0.271552	0.296651	0.241993	0.283525	0.000000	0.302682	0.289855	0.335570	0.270463	0.297872	0.328671	0.279621	0.268382	0.285714	0.261628	0.228571	0.273050	0.320423	0.312950	0.286219	0.279152	0.255319	0.301754	0.309609	0.292254	0.294118	0.275618	0.315603	0.259649	0.286713	0.261411	0.304965	
0.312727	0.314176	0.317518	0.285714	0.292553	0.309677	0.279762	0.284133	0.329630	0.307377	0.286996	0.277778	0.333333	0.299625	0.339483	0.303704	0.275093	0.301471	0.345455	0.261818	0.259124	0.288321	0.317518	0.290909	0.290909	0.267281	0.280952	0.291045	0.262097	0.302682	0.000000	0.268939	0.286667	0.297398	0.327206	0.306569	0.297170	0.297710	0.309623	0.264706	0.305970	0.319853	0.301471	0.286792	0.280443	0.256410	0.278810	0.295620	0.317343	0.264706	0.248062	0.283088	0.314815	0.253676	0.271429	0.296610	0.337037	
0.277778	0.252747	0.303136	0.266667	0.252577	0.292208	0.294798	0.232394	0.275618	0.288538	0.261803	0.327485	0.271889	0.271429	0.281690	0.236749	0.283688	0.305263	0.281250	0.204861	0.282230	0.243902	0.306620	0.274306	0.292683	0.235808	0.250000	0.257143	0.240310	0.289855	0.268939	0.000000	0.275168	0.257951	0.279152	0.271777	0.246445	0.251825	0.335968	0.258621	0.242857	0.303887	0.308772	0.242857	0.265018	0.246479	0.251773	0.278746	0.309609	0.251748	0.318519	0.270175	0.261484	0.277193	0.244755	0.268595	0.286219	
0.250000	0.286667	0.309677	0.270968	0.308824	0.268293	0.243902	0.283871	0.285714	0.313333	0.316176	0.245283	0.259542	0.245033	0.296053	0.292208	0.309211	0.309677	0.288462	0.277419	0.225806	0.270968	0.283871	0.230769	0.262821	0.251908	0.320611	0.226667	0.255172	0.335570	0.286667	0.275168	0.000000	0.233766	0.379085	0.270968	0.234043	0.241830	0.298611	0.289256	0.266234	0.262821	0.322581	0.269737	0.324675	0.279221	0.309211	0.303226	0.272727	0.254902	0.290541	0.233766	0.328947	0.228758	0.261261	0.283784	0.296053	
0.284746	0.268817	0.289116	0.257732	0.257576	0.297468	0.286517	0.233677	0.279310	0.286260	0.260504	0.262857	0.261261	0.237762	0.258621	0.262069	0.235294	0.271478	0.261017	0.261905	0.258503	0.312925	0.272109	0.237288	0.261905	0.252101	0.250000	0.261324	0.227273	0.270463	0.297398	0.257951	0.233766	0.000000	0.296552	0.275510	0.222222	0.258065	0.290698	0.283333	0.229965	0.248276	0.270548	0.277193	0.279310	0.240550	0.258621	0.276451	0.280277	0.281787	0.289855	0.257732	0.286207	0.219178	0.282759	0.255061	0.300000	
0.327703	0.307143	0.301695	0.256849	0.271795	0.333333	0.350575	0.284247	0.295533	0.300000	0.277311	0.333333	0.310811	0.300699	0.281787	0.283276	0.293103	0.320819	0.290541	0.305085	0.294915	0.342373	0.308475	0.290541	0.260135	0.309322	0.319249	0.311419	0.258555	0.297872	0.327206	0.279152	0.379085	0.296552	0.000000	0.308475	0.304147	0.296429	0.328185	0.265537	0.277778	0.297945	0.337884	0.293706	0.295533	0.252560	0.265517	0.357143	0.317241	0.318493	0.339350	0.315068	0.305842	0.293515	0.324138	0.254032	0.307167	
0.286667	0.325088	0.294314	0.334459	0.301508	0.348101	0.322034	0.250000	0.315254	0.280303	0.305439	0.238636	0.254464	0.244828	0.281356	0.277966	0.275510	0.277027	0.283333	0.267559	0.267559	0.304348	0.284281	0.283333	0.287625	0.284519	0.290323	0.291096	0.284644	0.328671	0.306569	0.271777	0.270968	0.275510	0.308475	0.000000	0.319635	0.285211	0.316794	0.292818	0.284247	0.271186	0.272727	0.286207	0.305085	0.277027	0.289116	0.288591	0.303754	0.266892	0.295374	0.300676	0.274576	0.262626	0.321918	0.308000	0.271186	
0.263636	0.246377	0.287671	0.261468	0.251534	0.309353	0.285714	0.267281	0.298165	0.305000	0.272727	0.228571	0.224719	0.225352	0.293023	0.237209	0.299065	0.283105	0.250000	0.242009	0.205479	0.283105	0.296804	0.236364	0.277273	0.265193	0.291209	0.262673	0.262136	0.279621	0.297170	0.246445	0.234043	0.222222	0.304147	0.319635	0.000000	0.257143	0.297436	0.269737	0.275701	0.281106	0.316514	0.260664	0.281106	0.253456	0.250000	0.296804	0.316514	0.290323	0.290640	0.296296	0.306977	0.258065	0.286822	0.267677	0.320930	
0.270175	0.259259	0.267606	0.238434	0.247423	0.279221	0.242775	0.238434	0.239286	0.298805	0.296943	0.255814	0.287037	0.243636	0.260714	0.242857	0.258065	0.256228	0.263158	0.239437	0.232394	0.267606	0.250000	0.221053	0.246479	0.245690	0.286408	0.238267	0.245059	0.268382	0.297710	0.251825	0.241830	0.258065	0.296429	0.285211	0.257143	0.000000	0.297619	0.240223	0.286738	0.246429	0.265957	0.259928	0.282143	0.231317	0.232143	0.268551	0.273381	0.263345	0.320896	0.254417	0.289286	0.241135	0.284722	0.270042	0.296429	
0.311787	0.272000	0.293893	0.328185	0.314607	0.310345	0.301205	0.273077	0.329457	0.303419	0.273148	0.291925	0.290000	0.263780	0.290698	0.294574	0.323077	0.292308	0.296578	0.301527	0.285171	0.281369	0.311787	0.285171	0.305344	0.299539	0.312169	0.269531	0.263598	0.285714	0.309623	0.335968	0.298611	0.290698	0.328185	0.316794	0.297436	0.297619	0.000000	0.283951	0.273077	0.285714	0.318008	0.285156	0.297710	0.274131	0.279070	0.302682	0.295720	0.285714	0.348000	0.279693	0.335907	0.287356	0.262411	0.271493	0.339768	
0.281768	0.254335	0.287293	0.256983	0.311594	0.264463	0.282443	0.217877	0.268156	0.317073	0.243243	0.267176	0.250000	0.284091	0.278409	0.264045	0.310734	0.262570	0.320442	0.222222	0.255556	0.272222	0.294444	0.243094	0.270718	0.264151	0.258503	0.251397	0.242604	0.261628	0.264706	0.258621	0.289256	0.283333	0.265537	0.292818	0.269737	0.240223	0.283951	0.000000	0.255682	0.237288	0.316667	0.272222	0.269663	0.290503	0.234637	0.316667	0.265193	0.241573	0.232558	0.256983	0.241573	0.217877	0.245614	0.283951	0.305085	
0.235495	0.247312	0.315068	0.237931	0.225641	0.261146	0.276836	0.231834	0.284722	0.228682	0.279661	0.320000	0.251142	0.254417	0.243056	0.288194	0.260417	0.314879	0.262799	0.267123	0.246575	0.255973	0.259386	0.225256	0.284247	0.217949	0.250000	0.242105	0.218391	0.228571	0.305970	0.242857	0.266234	0.229965	0.277778	0.284247	0.275701	0.286738	0.273077	0.255682	0.000000	0.255172	0.282759	0.282686	0.274306	0.241379	0.219512	0.274914	0.272727	0.249135	0.284672	0.280277	0.291667	0.243986	0.262069	0.274590	0.290657	
0.229730	0.269504	0.261017	0.269625	0.282828	0.257862	0.308989	0.250000	0.281787	0.255725	0.275424	0.270115	0.283784	0.244755	0.261168	0.267123	0.279310	0.273038	0.277027	0.305085	0.274576	0.291525	0.284746	0.270270	0.260135	0.279661	0.313084	0.266436	0.250951	0.273050	0.319853	0.303887	0.262821	0.248276	0.297945	0.271186	0.281106	0.246429	0.285714	0.237288	0.255172	0.000000	0.286689	0.286713	0.261168	0.261905	0.250859	0.285714	0.275862	0.294521	0.281588	0.287671	0.264605	0.242321	0.246575	0.263158	0.294521	
0.298658	0.298932	0.319865	0.278912	0.321608	0.316456	0.352273	0.302721	0.285714	0.281369	0.319328	0.289773	0.333333	0.267361	0.290102	0.283276	0.246575	0.312925	0.302013	0.296296	0.299663	0.279461	0.276094	0.251678	0.262626	0.280335	0.327103	0.296552	0.298113	0.320423	0.301471	0.308772	0.322581	0.270548	0.337884	0.272727	0.316514	0.265957	0.318008	0.316667	0.282759	0.286689	0.000000	0.339100	0.316327	0.302721	0.308219	0.293919	0.323024	0.285714	0.304659	0.282313	0.346939	0.284746	0.376712	0.310484	0.300341	
0.292096	0.281022	0.312715	0.289199	0.301020	0.318471	0.271676	0.263889	0.286713	0.319066	0.274678	0.270115	0.262443	0.266904	0.293706	0.272727	0.273684	0.289199	0.285223	0.262069	0.272414	0.286207	0.275862	0.295533	0.282759	0.302128	0.277512	0.236749	0.237548	0.312950	0.286792	0.242857	0.269737	0.277193	0.293706	0.286207	0.260664	0.259928	0.285156	0.272222	0.282686	0.286713	0.339100	0.000000	0.282230	0.257840	0.252632	0.301038	0.291228	0.263889	0.306569	0.285714	0.288194	0.250000	0.265734	0.243802	0.314685	
0.256757	0.293907	0.254237	0.246575	0.258883	0.289308	0.305085	0.219178	0.295533	0.278626	0.263830	0.261364	0.295964	0.265734	0.261168	0.278351	0.270548	0.256849	0.246622	0.244068	0.267797	0.294915	0.277966	0.270270	0.271186	0.245763	0.271028	0.260417	0.223485	0.286219	0.280443	0.265018	0.324675	0.279310	0.295533	0.305085	0.281106	0.282143	0.297710	0.269663	0.274306	0.261168	0.316327	0.282230	0.000000	0.243151	0.241379	0.265306	0.273356	0.294521	0.270758	0.273973	0.304795	0.266212	0.312925	0.283401	0.305842	
0.279461	0.266904	0.260135	0.210884	0.214286	0.329114	0.310734	0.232082	0.267123	0.283525	0.283898	0.251429	0.297297	0.233449	0.267123	0.243151	0.257732	0.275510	0.255892	0.243243	0.229730	0.260135	0.219595	0.228956	0.239057	0.239496	0.280374	0.258621	0.234848	0.279152	0.256410	0.246479	0.279221	0.240550	0.252560	0.277027	0.253456	0.231317	0.274131	0.290503	0.241379	0.261905	0.302721	0.257840	0.243151	0.000000	0.202749	0.284746	0.285223	0.249147	0.276978	0.232082	0.301370	0.244898	0.262069	0.258065	0.273973	
0.271186	0.272401	0.295918	0.243986	0.210256	0.269231	0.291429	0.223368	0.279310	0.250000	0.254237	0.262857	0.259091	0.265734	0.248276	0.265517	0.252595	0.264605	0.274576	0.261905	0.207483	0.258503	0.258503	0.230508	0.251701	0.254237	0.303738	0.261324	0.236641	0.255319	0.278810	0.251773	0.309211	0.258621	0.265517	0.289116	0.250000	0.232143	0.279070	0.234637	0.219512	0.250859	0.308219	0.252632	0.241379	0.202749	0.000000	0.303754	0.297578	0.250859	0.310469	0.264605	0.293103	0.260274	0.241379	0.260163	0.285223	
0.280936	0.251773	0.291946	0.326599	0.287879	0.253165	0.237288	0.244068	0.309524	0.238636	0.284519	0.325714	0.273543	0.271478	0.261017	0.306122	0.259386	0.261017	0.307692	0.280936	0.281879	0.285235	0.302013	0.270903	0.285235	0.264706	0.305556	0.271478	0.281955	0.301754	0.295620	0.278746	0.303226	0.276451	0.357143	0.288591	0.296804	0.268551	0.302682	0.316667	0.274914	0.285714	0.293919	0.301038	0.265306	0.284746	0.303754	0.000000	0.297945	0.276094	0.321429	0.253378	0.278912	0.256757	0.324138	0.256000	0.295918	
0.285714	0.284173	0.316327	0.289655	0.284264	0.288462	0.247126	0.274914	0.259516	0.308880	0.293617	0.289017	0.289593	0.259649	0.301038	0.311419	0.298611	0.316151	0.275510	0.262799	0.307167	0.290102	0.255973	0.265306	0.289116	0.255319	0.314815	0.271777	0.309160	0.309609	0.317343	0.309609	0.272727	0.280277	0.317241	0.303754	0.316514	0.273381	0.295720	0.265193	0.272727	0.275862	0.323024	0.291228	0.273356	0.285223	0.297578	0.297945	0.000000	0.289655	0.329710	0.313793	0.275862	0.250859	0.282759	0.258065	0.314879	
0.279461	0.257143	0.263514	0.284746	0.290816	0.288462	0.257143	0.255973	0.318493	0.274809	0.248945	0.242775	0.253394	0.252595	0.273038	0.273973	0.285223	0.262799	0.292929	0.255892	0.280405	0.233108	0.270270	0.262626	0.290541	0.220339	0.289720	0.262976	0.271698	0.292254	0.264706	0.251748	0.254902	0.281787	0.318493	0.266892	0.290323	0.263345	0.285714	0.241573	0.249135	0.294521	0.285714	0.263889	0.294521	0.249147	0.250859	0.276094	0.289655	0.000000	0.273381	0.268707	0.280822	0.231293	0.244755	0.265060	0.287671	
0.301418	0.318352	0.290780	0.273381	0.345745	0.337748	0.331395	0.284698	0.332130	0.294355	0.306667	0.270115	0.341014	0.311355	0.328520	0.284173	0.275362	0.327338	0.301418	0.288256	0.302491	0.291815	0.270463	0.304965	0.281139	0.276316	0.259804	0.301818	0.297619	0.294118	0.248062	0.318519	0.290541	0.289855	0.339350	0.295374	0.290640	0.320896	0.348000	0.232558	0.284672	0.281588	0.304659	0.306569	0.270758	0.276978	0.310469	0.321429	0.329710	0.273381	0.000000	0.284173	0.341727	0.286738	0.290780	0.334764	0.371841	
0.245791	0.285714	0.243243	0.272109	0.294416	0.288462	0.281609	0.266212	0.297945	0.279693	0.329114	0.289017	0.316742	0.250000	0.259386	0.253425	0.264605	0.293515	0.296296	0.232323	0.233108	0.263514	0.290541	0.282828	0.236486	0.239496	0.295775	0.287197	0.276515	0.275618	0.283088	0.270175	0.233766	0.257732	0.315068	0.300676	0.296296	0.254417	0.279693	0.256983	0.280277	0.287671	0.282313	0.285714	0.273973	0.232082	0.264605	0.253378	0.313793	0.268707	0.284173	0.000000	0.324232	0.275510	0.272727	0.233871	0.284247	
0.300676	0.275986	0.314189	0.297945	0.314721	0.314103	0.339080	0.286689	0.305842	0.318008	0.336170	0.297143	0.266968	0.286713	0.292096	0.288660	0.300000	0.297945	0.310811	0.271186	0.284746	0.301695	0.284746	0.320946	0.325424	0.296610	0.311321	0.277778	0.307985	0.315603	0.314815	0.261484	0.328947	0.286207	0.305842	0.274576	0.306977	0.289286	0.335907	0.241573	0.291667	0.264605	0.346939	0.288194	0.304795	0.301370	0.293103	0.278912	0.275862	0.280822	0.341727	0.324232	0.000000	0.283276	0.319444	0.252033	0.305842	
0.261745	0.259786	0.292929	0.265306	0.274112	0.254777	0.232955	0.255102	0.290102	0.254753	0.268908	0.242938	0.228700	0.229167	0.266212	0.266212	0.253425	0.268707	0.278523	0.245791	0.245791	0.281879	0.265101	0.251678	0.265993	0.230126	0.283721	0.224138	0.233083	0.259649	0.253676	0.277193	0.228758	0.219178	0.293515	0.262626	0.258065	0.241135	0.287356	0.217877	0.243986	0.242321	0.284746	0.250000	0.266212	0.244898	0.260274	0.256757	0.250859	0.231293	0.286738	0.275510	0.283276	0.000000	0.267123	0.237903	0.303754	
0.306122	0.273973	0.299320	0.305556	0.285714	0.228070	0.243697	0.241379	0.315068	0.278571	0.248120	0.218182	0.265625	0.241135	0.312500	0.268966	0.319728	0.294521	0.272109	0.226027	0.258503	0.272109	0.326531	0.278912	0.340136	0.240310	0.316667	0.250000	0.233577	0.286713	0.271429	0.244755	0.261261	0.282759	0.324138	0.321918	0.286822	0.284722	0.262411	0.245614	0.262069	0.246575	0.376712	0.265734	0.312925	0.262069	0.241379	0.324138	0.282759	0.244755	0.290780	0.272727	0.319444	0.267123	0.000000	0.291971	0.319444	
0.254980	0.235294	0.272000	0.262097	0.284916	0.248276	0.222222	0.246964	0.256098	0.301310	0.269231	0.279720	0.277778	0.222222	0.230769	0.255061	0.246964	0.229839	0.282869	0.250996	0.228000	0.248000	0.276000	0.270916	0.266932	0.251256	0.278351	0.265306	0.263158	0.261411	0.296610	0.268595	0.283784	0.255061	0.254032	0.308000	0.267677	0.270042	0.271493	0.283951	0.274590	0.263158	0.310484	0.243802	0.283401	0.258065	0.260163	0.256000	0.258065	0.265060	0.334764	0.233871	0.252033	0.237903	0.291971	0.000000	0.292683	
0.314189	0.264286	0.298305	0.294521	0.280612	0.282051	0.310345	0.263699	0.257732	0.283525	0.351464	0.297143	0.312217	0.278746	0.274914	0.262799	0.313793	0.297945	0.287162	0.274576	0.284746	0.284746	0.325424	0.273649	0.271186	0.283898	0.352113	0.288194	0.273764	0.304965	0.337037	0.286219	0.296053	0.300000	0.307167	0.271186	0.320930	0.296429	0.339768	0.305085	0.290657	0.294521	0.300341	0.314685	0.305842	0.273973	0.285223	0.295918	0.314879	0.287671	0.371841	0.284247	0.305842	0.303754	0.319444	0.292683	0.000000	
