0.000000	0.227811	0.244582	0.247588	0.202100	0.435967	0.211640	0.222222	0.221311	0.217033	0.218997	0.256000	0.218868	0.221239	0.240642	0.470588	0.429379	0.216578	0.241470	0.224868	0.210106	0.200535	0.194631	0.244681	0.228571	0.222812	0.208451	0.200528	0.210145	0.220159	0.454819	0.464789	0.446875	0.250000	0.218421	0.447439	0.232190	0.224868	0.230769	0.206349	0.239474	0.233422	0.230556	0.218845	0.207317	0.209677	0.451524	0.196237	0.461326	0.433022	0.468227	0.221925	0.463492	0.452055	0.201705	0.451149	0.223684	0.483582	0.251908	0.236364	0.212938	0.197861	0.206897	0.225989	0.231579	0.459834	0.471698	0.233533	0.229551	0.223164	0.219839	0.214286	0.227273	0.220339	0.240437	0.234286	0.211454	0.228723	0.182143	0.220430	0.260504	0.200542	0.227273	0.242744	0.215426	0.237057	0.220779	0.212366	0.235772	0.218085	0.208108	0.232190	0.216931	0.257373	0.218085	0.242515	
0.227811	0.000000	0.185811	0.268966	0.227139	0.419453	0.232143	0.201780	0.213043	0.217791	0.246291	0.253731	0.242915	0.254019	0.237237	0.451087	0.426136	0.221557	0.235988	0.229167	0.192878	0.218563	0.243636	0.211940	0.215190	0.250746	0.234177	0.219585	0.206897	0.255952	0.456667	0.452830	0.450172	0.254438	0.263314	0.443769	0.234421	0.223214	0.240356	0.244048	0.242604	0.229167	0.253870	0.222603	0.242553	0.219880	0.444099	0.236527	0.445820	0.414035	0.448905	0.216867	0.457447	0.421538	0.191083	0.433225	0.245562	0.466443	0.210526	0.234375	0.210843	0.192771	0.223214	0.238854	0.224852	0.462733	0.457746	0.243243	0.219585	0.215873	0.240964	0.269939	0.213213	0.257053	0.224924	0.230284	0.254630	0.221557	0.196078	0.240964	0.246106	0.206687	0.265060	0.269231	0.230539	0.211656	0.248201	0.226586	0.210366	0.229167	0.227273	0.215976	0.211310	0.240240	0.248503	0.233553	
0.244582	0.185811	0.000000	0.213235	0.228395	0.378205	0.193146	0.179567	0.164444	0.215873	0.239130	0.234375	0.243028	0.199324	0.203125	0.410112	0.420732	0.196875	0.222222	0.211180	0.180124	0.201258	0.206107	0.200627	0.196721	0.215625	0.174757	0.201863	0.190871	0.233645	0.421053	0.395349	0.400722	0.232198	0.207430	0.390476	0.195652	0.199377	0.208075	0.258567	0.235294	0.167702	0.250000	0.199324	0.201794	0.188679	0.414474	0.182965	0.423453	0.367273	0.400778	0.172956	0.411111	0.403226	0.190789	0.407407	0.210526	0.424658	0.195021	0.199170	0.222571	0.178125	0.214286	0.201954	0.229102	0.418301	0.382353	0.221053	0.179567	0.177049	0.192429	0.221865	0.201893	0.222951	0.207668	0.193220	0.190955	0.175549	0.174603	0.207547	0.245098	0.169811	0.235849	0.229814	0.188088	0.212025	0.215909	0.191223	0.200637	0.209375	0.200000	0.176471	0.190031	0.220126	0.256250	0.224913	
0.247588	0.268966	0.213235	0.000000	0.256410	0.405316	0.223301	0.239482	0.208333	0.230000	0.248387	0.218241	0.204348	0.225694	0.211726	0.463277	0.420118	0.218241	0.198718	0.229773	0.216828	0.232026	0.218750	0.211039	0.216216	0.259740	0.218430	0.219355	0.234310	0.267101	0.440000	0.451724	0.439394	0.250804	0.228296	0.430921	0.245161	0.226537	0.256494	0.241935	0.244373	0.225806	0.239865	0.250000	0.214953	0.260726	0.455782	0.229508	0.454237	0.428571	0.464286	0.191558	0.455598	0.449324	0.226481	0.489510	0.205788	0.474638	0.228448	0.235772	0.232787	0.203947	0.210356	0.244068	0.212219	0.466667	0.460967	0.229391	0.190323	0.215017	0.240132	0.221477	0.205212	0.251724	0.216393	0.214286	0.194175	0.214984	0.247863	0.234528	0.245791	0.198675	0.235294	0.231511	0.220779	0.228188	0.233716	0.213115	0.236667	0.224026	0.250825	0.183280	0.203226	0.226974	0.257329	0.265734	
0.202100	0.227139	0.228395	0.256410	0.000000	0.415761	0.203166	0.229551	0.208163	0.219178	0.221053	0.239362	0.225564	0.232353	0.200000	0.513369	0.466292	0.181333	0.248691	0.216359	0.217507	0.216000	0.227425	0.204244	0.199430	0.230159	0.210674	0.218421	0.241877	0.244032	0.451807	0.456338	0.464174	0.262467	0.236220	0.462366	0.221053	0.211082	0.222222	0.258575	0.225722	0.227513	0.229917	0.209091	0.239837	0.217158	0.450276	0.211796	0.460055	0.451713	0.456667	0.216000	0.479365	0.459016	0.215297	0.467049	0.238845	0.473214	0.212928	0.228261	0.231183	0.195187	0.224868	0.228169	0.238845	0.472376	0.490566	0.230539	0.226316	0.214085	0.224599	0.249315	0.216000	0.267606	0.223433	0.233618	0.250000	0.209549	0.175000	0.211796	0.265363	0.208108	0.245333	0.218421	0.220159	0.230978	0.229773	0.225201	0.229730	0.206897	0.239892	0.205263	0.224274	0.240642	0.225464	0.226866	
0.435967	0.419453	0.378205	0.405316	0.415761	0.000000	0.379781	0.413699	0.389831	0.407407	0.387978	0.419890	0.390625	0.394495	0.390582	0.168478	0.136364	0.418283	0.426630	0.424658	0.388430	0.426593	0.403448	0.377410	0.378698	0.392857	0.380117	0.407104	0.368421	0.419178	0.149847	0.166189	0.150641	0.397820	0.386921	0.169444	0.411444	0.372603	0.398352	0.421918	0.381471	0.392857	0.409222	0.408228	0.432773	0.384401	0.138810	0.415042	0.167139	0.113924	0.148148	0.371191	0.159744	0.148459	0.408824	0.147059	0.419619	0.157407	0.404000	0.439850	0.383333	0.377778	0.381868	0.375367	0.408719	0.150568	0.135484	0.415625	0.352459	0.388889	0.387812	0.387464	0.387812	0.434018	0.373938	0.405325	0.420091	0.377410	0.361940	0.397222	0.404070	0.401685	0.409972	0.368852	0.391185	0.398305	0.377104	0.367688	0.393258	0.391185	0.350140	0.374317	0.427397	0.419444	0.391185	0.403727	
0.211640	0.232143	0.193146	0.223301	0.203166	0.379781	0.000000	0.207447	0.205761	0.218232	0.188329	0.225201	0.215909	0.195846	0.201613	0.432432	0.372881	0.190860	0.205805	0.220159	0.200535	0.219839	0.182432	0.205882	0.191977	0.237333	0.203966	0.201592	0.207273	0.200535	0.389058	0.411932	0.415094	0.216931	0.238095	0.414634	0.198939	0.214854	0.210667	0.223404	0.230159	0.210667	0.200557	0.217125	0.209016	0.210811	0.392758	0.191892	0.422222	0.387500	0.404682	0.201613	0.412141	0.406593	0.202857	0.432277	0.211640	0.429429	0.206897	0.236364	0.186992	0.172507	0.213333	0.227273	0.230159	0.430556	0.422713	0.232628	0.196286	0.181818	0.215633	0.234807	0.225806	0.215909	0.225275	0.204023	0.235556	0.192513	0.205776	0.200000	0.253521	0.171662	0.206989	0.201592	0.203209	0.221918	0.244300	0.183784	0.220708	0.219251	0.206522	0.212202	0.207447	0.231806	0.227273	0.246246	
0.222222	0.201780	0.179567	0.239482	0.229551	0.413699	0.207447	0.000000	0.213992	0.232044	0.238727	0.243968	0.230189	0.183432	0.206989	0.454545	0.440678	0.196237	0.232190	0.220745	0.216578	0.209677	0.232323	0.189840	0.209770	0.232000	0.215297	0.220159	0.247273	0.176471	0.437690	0.422096	0.418750	0.206349	0.211640	0.441734	0.204244	0.212766	0.229333	0.212766	0.248677	0.226064	0.243017	0.212766	0.191837	0.218919	0.437326	0.213514	0.436111	0.416928	0.431438	0.201613	0.434921	0.424242	0.213675	0.442197	0.227513	0.441441	0.172414	0.226277	0.224324	0.204301	0.236702	0.215909	0.224868	0.434540	0.441270	0.204204	0.201592	0.190341	0.212938	0.245179	0.217742	0.215909	0.214286	0.237143	0.189427	0.179144	0.169065	0.218329	0.241573	0.188011	0.233871	0.220159	0.203209	0.235616	0.211726	0.172973	0.198370	0.205882	0.176152	0.183024	0.210106	0.221024	0.240642	0.253012	
0.221311	0.213043	0.164444	0.208333	0.208163	0.389831	0.205761	0.213992	0.000000	0.178423	0.221311	0.235537	0.232673	0.200000	0.210744	0.452830	0.428571	0.181818	0.216327	0.221311	0.189300	0.203320	0.237443	0.201646	0.260870	0.205761	0.234043	0.212245	0.202020	0.208333	0.410138	0.407895	0.424528	0.245902	0.254098	0.397490	0.225410	0.209877	0.226337	0.250000	0.262295	0.218107	0.246809	0.226667	0.267760	0.194215	0.385965	0.180672	0.430435	0.386473	0.419512	0.231405	0.398104	0.408696	0.178723	0.440000	0.216327	0.438914	0.186528	0.240196	0.210084	0.182573	0.222222	0.221757	0.241803	0.409483	0.404651	0.235808	0.180328	0.189076	0.208333	0.231092	0.196653	0.266094	0.197531	0.200000	0.230337	0.228216	0.207921	0.203320	0.255319	0.194215	0.241803	0.225410	0.218107	0.214286	0.238095	0.203320	0.231092	0.190871	0.215190	0.209016	0.230453	0.220833	0.259259	0.251121	
0.217033	0.217791	0.215873	0.230000	0.219178	0.407407	0.218232	0.232044	0.178423	0.000000	0.214876	0.233983	0.228137	0.215805	0.208333	0.448649	0.435028	0.183844	0.221918	0.206612	0.204986	0.206704	0.182759	0.180055	0.225519	0.227147	0.180758	0.209366	0.174074	0.244444	0.423197	0.411765	0.426710	0.219780	0.208791	0.418539	0.225895	0.201657	0.190608	0.209945	0.219178	0.229282	0.223837	0.214953	0.191489	0.213483	0.417391	0.224090	0.432277	0.397394	0.437063	0.183333	0.415282	0.415473	0.220588	0.432432	0.225275	0.451713	0.221344	0.239700	0.219101	0.189944	0.190608	0.208824	0.219780	0.449275	0.414474	0.203762	0.175824	0.192420	0.212885	0.200000	0.229050	0.223529	0.202279	0.238806	0.244240	0.207756	0.202952	0.229692	0.265306	0.228169	0.248603	0.228650	0.216667	0.209040	0.237288	0.219101	0.203966	0.225000	0.211268	0.217033	0.193370	0.217877	0.218837	0.224299	
0.218997	0.246291	0.239130	0.248387	0.221053	0.387978	0.188329	0.238727	0.221311	0.214876	0.000000	0.219251	0.223485	0.245562	0.206434	0.413978	0.376404	0.209115	0.244737	0.236074	0.202667	0.203753	0.228956	0.224000	0.243553	0.250000	0.214689	0.219577	0.224638	0.234667	0.415152	0.401130	0.390625	0.234828	0.234828	0.396226	0.224868	0.249337	0.228723	0.209549	0.200528	0.239362	0.255556	0.243902	0.244898	0.215633	0.391667	0.221024	0.425414	0.378125	0.418060	0.224599	0.401274	0.409341	0.201705	0.413793	0.197889	0.428144	0.222222	0.251825	0.224324	0.209677	0.239362	0.206799	0.192612	0.423823	0.420886	0.231928	0.211640	0.181303	0.220430	0.239011	0.214477	0.248588	0.235616	0.222857	0.229075	0.248000	0.233813	0.204852	0.247191	0.195652	0.197333	0.201058	0.213333	0.240437	0.230519	0.191375	0.222826	0.196809	0.233062	0.201058	0.209549	0.217742	0.266667	0.243243	
0.256000	0.253731	0.234375	0.218241	0.239362	0.419890	0.225201	0.243968	0.235537	0.233983	0.219251	0.000000	0.268199	0.251497	0.238482	0.470270	0.437500	0.230352	0.220745	0.230563	0.238606	0.243243	0.230508	0.237197	0.234783	0.271505	0.213675	0.221925	0.202206	0.231806	0.441718	0.440000	0.443038	0.237333	0.258667	0.441417	0.240642	0.230563	0.222520	0.238606	0.253333	0.231183	0.255618	0.240741	0.261411	0.217391	0.436975	0.220109	0.464986	0.447619	0.459459	0.227642	0.453074	0.433333	0.224784	0.475219	0.229333	0.490909	0.247104	0.271062	0.248634	0.247283	0.241935	0.237143	0.232000	0.483146	0.464968	0.240122	0.221925	0.232092	0.222826	0.247911	0.230352	0.230769	0.221607	0.231884	0.208889	0.210243	0.221818	0.237057	0.274011	0.219780	0.246612	0.248663	0.247978	0.237569	0.245098	0.204360	0.230137	0.212366	0.229508	0.200535	0.217158	0.246612	0.266846	0.230303	
0.218868	0.242915	0.243028	0.204348	0.225564	0.390625	0.215909	0.230189	0.232673	0.228137	0.223485	0.268199	0.000000	0.243028	0.220532	0.458333	0.403846	0.223485	0.214286	0.248120	0.250000	0.197719	0.205021	0.178707	0.218254	0.246212	0.226923	0.227273	0.204878	0.243346	0.437500	0.444898	0.429825	0.233962	0.233962	0.445736	0.222642	0.231061	0.223485	0.238636	0.200000	0.233962	0.254902	0.252000	0.208333	0.236434	0.435484	0.226923	0.464286	0.421053	0.435780	0.205323	0.434211	0.429134	0.253968	0.479339	0.267925	0.443515	0.218447	0.239234	0.228137	0.193182	0.219697	0.230769	0.222642	0.454545	0.472340	0.237705	0.226415	0.193676	0.224806	0.233463	0.196911	0.236220	0.251938	0.233607	0.198830	0.220532	0.212389	0.210728	0.228346	0.186312	0.240458	0.203774	0.205323	0.246154	0.252252	0.242308	0.262548	0.225191	0.236434	0.218868	0.227273	0.226054	0.254753	0.226721	
0.221239	0.254019	0.199324	0.225694	0.232353	0.394495	0.195846	0.183432	0.200000	0.215805	0.245562	0.251497	0.243028	0.000000	0.202985	0.442623	0.410405	0.221557	0.194118	0.207715	0.225519	0.234234	0.223443	0.191045	0.211838	0.235119	0.215625	0.236686	0.220532	0.235821	0.407285	0.401274	0.391753	0.215339	0.230088	0.408408	0.218935	0.219585	0.196429	0.222552	0.221239	0.230769	0.223242	0.220000	0.183761	0.181269	0.411765	0.225225	0.425926	0.384083	0.400000	0.208955	0.432143	0.413580	0.198113	0.424437	0.235988	0.426667	0.229249	0.246154	0.225225	0.207831	0.198225	0.218750	0.238938	0.417957	0.410345	0.220000	0.203540	0.159875	0.234234	0.222222	0.218563	0.259494	0.209726	0.203175	0.189815	0.190476	0.200000	0.224551	0.245283	0.226586	0.224551	0.189349	0.202985	0.234043	0.205036	0.210210	0.231707	0.217910	0.215805	0.194690	0.177515	0.210210	0.220238	0.226974	
0.240642	0.237237	0.203125	0.211726	0.200000	0.390582	0.201613	0.206989	0.210744	0.208333	0.206434	0.238482	0.220532	0.202985	0.000000	0.451613	0.434286	0.189702	0.205333	0.244624	0.194070	0.220109	0.187075	0.208108	0.205797	0.247978	0.188571	0.217158	0.218978	0.218919	0.415902	0.404011	0.416404	0.245989	0.227273	0.423497	0.246649	0.206989	0.223720	0.223118	0.219251	0.231806	0.237288	0.243077	0.204918	0.224044	0.412921	0.204918	0.422969	0.391167	0.423729	0.201087	0.445161	0.425000	0.213256	0.431487	0.237968	0.444109	0.212355	0.214815	0.221918	0.179348	0.241935	0.220630	0.229947	0.430986	0.426282	0.214067	0.193029	0.200573	0.223433	0.226257	0.211957	0.229885	0.191667	0.194767	0.227679	0.224324	0.207273	0.215847	0.239316	0.206044	0.233696	0.219839	0.232432	0.235457	0.184818	0.188525	0.203857	0.221622	0.217033	0.184492	0.231183	0.217984	0.237838	0.239394	
0.470588	0.451087	0.410112	0.463277	0.513369	0.168478	0.432432	0.454545	0.452830	0.448649	0.413978	0.470270	0.458333	0.442623	0.451613	0.000000	0.207407	0.454545	0.497326	0.470588	0.440860	0.475676	0.465116	0.454054	0.456522	0.483871	0.435754	0.438503	0.437908	0.454054	0.128492	0.146739	0.132184	0.435484	0.430108	0.134409	0.459893	0.481283	0.449198	0.454054	0.408602	0.435484	0.437158	0.447059	0.479167	0.427027	0.125683	0.464865	0.118919	0.116279	0.125749	0.420765	0.152047	0.142077	0.460674	0.116667	0.424731	0.147727	0.467532	0.454545	0.402174	0.419355	0.427027	0.423913	0.424731	0.163043	0.092486	0.456140	0.424731	0.422222	0.431694	0.435754	0.442623	0.456044	0.443243	0.455056	0.463768	0.454054	0.398773	0.423913	0.443820	0.438889	0.478495	0.443850	0.462366	0.461538	0.441718	0.419355	0.472527	0.465241	0.408840	0.392473	0.462366	0.500000	0.467742	0.483146	
0.429379	0.426136	0.420732	0.420118	0.466292	0.136364	0.372881	0.440678	0.428571	0.435028	0.376404	0.437500	0.403846	0.410405	0.434286	0.207407	0.000000	0.445714	0.438202	0.443820	0.378531	0.423729	0.413580	0.431818	0.425287	0.468927	0.436782	0.443820	0.392157	0.451977	0.140244	0.202312	0.177215	0.429379	0.406780	0.141243	0.443820	0.414773	0.404494	0.431818	0.338983	0.429379	0.445714	0.427673	0.422222	0.420455	0.097701	0.456647	0.137143	0.138365	0.159236	0.359551	0.146497	0.148571	0.449102	0.159763	0.443820	0.155689	0.435374	0.474359	0.394286	0.410405	0.392045	0.406977	0.410112	0.154286	0.159509	0.463855	0.384181	0.400000	0.434286	0.441176	0.404624	0.424419	0.387283	0.443787	0.413534	0.382857	0.393103	0.411429	0.424419	0.428571	0.449438	0.395480	0.405714	0.462428	0.411392	0.397727	0.402367	0.393258	0.373563	0.395480	0.435028	0.439306	0.418079	0.431138	
0.216578	0.221557	0.196875	0.218241	0.181333	0.418283	0.190860	0.196237	0.181818	0.183844	0.209115	0.230352	0.223485	0.221557	0.189702	0.454545	0.445714	0.000000	0.210667	0.250000	0.220430	0.228261	0.180887	0.206989	0.195402	0.233244	0.220630	0.203753	0.221402	0.208108	0.435583	0.419540	0.419048	0.219251	0.245989	0.430137	0.211796	0.206989	0.221024	0.231183	0.240642	0.207547	0.237288	0.191950	0.238683	0.229508	0.439437	0.195652	0.443820	0.415873	0.425170	0.214674	0.435065	0.431755	0.212644	0.459064	0.213904	0.466667	0.205426	0.229630	0.221918	0.185286	0.201613	0.212644	0.216578	0.467606	0.464744	0.206687	0.182306	0.179487	0.220708	0.206704	0.228261	0.235632	0.230556	0.228986	0.231111	0.213514	0.203636	0.215847	0.250712	0.203297	0.245946	0.214477	0.216216	0.191136	0.201987	0.204918	0.198347	0.243243	0.217033	0.213904	0.225806	0.223433	0.213514	0.258359	
0.241470	0.235988	0.222222	0.198718	0.248691	0.426630	0.205805	0.232190	0.216327	0.221918	0.244737	0.220745	0.214286	0.194118	0.205333	0.497326	0.438202	0.210667	0.000000	0.255937	0.233422	0.213333	0.220736	0.193634	0.207977	0.246032	0.219101	0.202632	0.227437	0.209549	0.439759	0.436620	0.433022	0.244094	0.244094	0.435484	0.236842	0.224274	0.208995	0.221636	0.249344	0.224868	0.243767	0.239394	0.223577	0.230563	0.439227	0.230563	0.438017	0.426791	0.433333	0.208000	0.441270	0.437158	0.209632	0.461318	0.257218	0.473214	0.216730	0.235507	0.231183	0.200535	0.216931	0.242254	0.194226	0.472376	0.437107	0.248503	0.215789	0.177465	0.219251	0.246575	0.234667	0.214085	0.188011	0.179487	0.223684	0.206897	0.235714	0.249330	0.245810	0.227027	0.242667	0.226316	0.190981	0.222826	0.216828	0.235925	0.224324	0.249337	0.234501	0.200000	0.203166	0.219251	0.230769	0.205970	
0.224868	0.229167	0.211180	0.229773	0.216359	0.424658	0.220159	0.220745	0.221311	0.206612	0.236074	0.230563	0.248120	0.207715	0.244624	0.470588	0.443820	0.250000	0.255937	0.000000	0.216578	0.233244	0.232323	0.203209	0.237143	0.250667	0.206799	0.220159	0.207273	0.213904	0.457576	0.471591	0.446541	0.248677	0.240741	0.463415	0.251989	0.225464	0.226667	0.260638	0.232804	0.250667	0.233983	0.216463	0.240816	0.232432	0.456825	0.229730	0.452778	0.437500	0.463087	0.204301	0.455128	0.462810	0.240000	0.468208	0.206349	0.480480	0.229008	0.240000	0.233062	0.202156	0.240000	0.230114	0.253968	0.459610	0.452532	0.259036	0.217507	0.215909	0.229111	0.265193	0.236559	0.241477	0.230769	0.218391	0.220264	0.205882	0.212230	0.256757	0.244382	0.220109	0.282258	0.230769	0.216578	0.245902	0.217532	0.232432	0.237057	0.192513	0.230978	0.201592	0.220745	0.253369	0.227273	0.243243	
0.210106	0.192878	0.180124	0.216828	0.217507	0.388430	0.200535	0.216578	0.189300	0.204986	0.202667	0.238606	0.250000	0.225519	0.194070	0.440860	0.378531	0.220430	0.233422	0.216578	0.000000	0.191375	0.250000	0.209677	0.227011	0.227882	0.182336	0.186667	0.186131	0.220430	0.432927	0.402857	0.416404	0.228723	0.199468	0.411444	0.208000	0.205882	0.216578	0.243316	0.220745	0.209115	0.249300	0.236923	0.224490	0.219512	0.403361	0.184282	0.430168	0.400631	0.417508	0.202156	0.406452	0.404432	0.181034	0.436047	0.210106	0.457831	0.221374	0.215328	0.217984	0.186992	0.248663	0.211429	0.234043	0.431373	0.436306	0.206061	0.189333	0.205128	0.227642	0.202778	0.200000	0.225071	0.212707	0.216138	0.198238	0.220430	0.210909	0.203804	0.223796	0.226776	0.237838	0.226667	0.233871	0.212121	0.205212	0.195652	0.208219	0.190349	0.196185	0.202128	0.195187	0.232432	0.239247	0.213855	
0.200535	0.218563	0.201258	0.232026	0.216000	0.426593	0.219839	0.209677	0.203320	0.206704	0.203753	0.243243	0.197719	0.234234	0.220109	0.475676	0.423729	0.228261	0.213333	0.233244	0.191375	0.000000	0.208191	0.183784	0.214493	0.234501	0.212034	0.206434	0.190476	0.237838	0.452599	0.439655	0.444444	0.227273	0.251337	0.446575	0.227882	0.206434	0.235925	0.241935	0.224599	0.226415	0.244382	0.219136	0.218107	0.220109	0.430986	0.203804	0.471910	0.420886	0.449324	0.184783	0.427184	0.434540	0.213873	0.464912	0.224599	0.478788	0.197674	0.230769	0.205479	0.198910	0.250674	0.201149	0.208556	0.460674	0.458599	0.216463	0.193029	0.209770	0.182561	0.243017	0.192412	0.257143	0.213296	0.229651	0.208889	0.210243	0.197802	0.229508	0.270655	0.192837	0.236413	0.230563	0.229730	0.227147	0.234528	0.207650	0.217631	0.198925	0.215847	0.211796	0.204301	0.228261	0.207547	0.203030	
0.194631	0.243636	0.206107	0.218750	0.227425	0.403448	0.182432	0.232323	0.237443	0.182759	0.228956	0.230508	0.205021	0.223443	0.187075	0.465116	0.413580	0.180887	0.220736	0.232323	0.250000	0.208191	0.000000	0.176871	0.199288	0.247458	0.207746	0.200669	0.215517	0.236486	0.441065	0.412811	0.421875	0.248322	0.241611	0.417241	0.234899	0.202703	0.202703	0.222973	0.201342	0.202020	0.216783	0.197761	0.196262	0.203390	0.435714	0.191781	0.462898	0.400778	0.449393	0.200680	0.411765	0.412587	0.207885	0.454874	0.230769	0.436567	0.240000	0.224576	0.212838	0.175676	0.183051	0.212014	0.231544	0.449123	0.453846	0.220588	0.185185	0.192857	0.213058	0.240418	0.243151	0.214286	0.225256	0.208633	0.205128	0.206780	0.198276	0.250859	0.235088	0.192440	0.248299	0.193980	0.212838	0.238754	0.225806	0.200000	0.208333	0.210884	0.207612	0.195286	0.202020	0.245734	0.229730	0.236364	
0.244681	0.211940	0.200627	0.211039	0.204244	0.377410	0.205882	0.189840	0.201646	0.180055	0.224000	0.237197	0.178707	0.191045	0.208108	0.454054	0.431818	0.206989	0.193634	0.203209	0.209677	0.183784	0.176871	0.000000	0.212644	0.221333	0.205128	0.184000	0.194139	0.225806	0.406728	0.402857	0.405063	0.225464	0.191489	0.419619	0.216000	0.181818	0.211796	0.195187	0.220745	0.222520	0.241573	0.196923	0.201646	0.201087	0.411765	0.220109	0.416201	0.386076	0.400000	0.194595	0.396774	0.385042	0.215517	0.424419	0.223404	0.416918	0.181467	0.210332	0.209239	0.173442	0.211796	0.217143	0.207447	0.428571	0.408946	0.247734	0.184000	0.155807	0.197832	0.252078	0.181081	0.217143	0.201657	0.193084	0.181416	0.177419	0.201439	0.214674	0.248588	0.202740	0.223118	0.176000	0.182796	0.190083	0.209836	0.184783	0.178082	0.198925	0.191257	0.186667	0.160428	0.197297	0.223118	0.196970	
0.228571	0.215190	0.196721	0.216216	0.199430	0.378698	0.191977	0.209770	0.260870	0.225519	0.243553	0.234783	0.218254	0.211838	0.205797	0.456522	0.425287	0.195402	0.207977	0.237143	0.227011	0.214493	0.199288	0.212644	0.000000	0.246418	0.190909	0.240688	0.233962	0.234104	0.411765	0.420245	0.431973	0.228571	0.228571	0.428152	0.220630	0.199430	0.237822	0.238506	0.222857	0.236311	0.220896	0.227723	0.213389	0.216374	0.407855	0.209302	0.441441	0.404040	0.424460	0.185507	0.433566	0.420896	0.225309	0.434783	0.242857	0.441558	0.209486	0.218391	0.198830	0.154070	0.224138	0.226994	0.214286	0.441441	0.442953	0.237785	0.206304	0.201807	0.227405	0.233533	0.220930	0.225309	0.222222	0.228659	0.229358	0.192529	0.210728	0.227405	0.250000	0.225806	0.216763	0.237822	0.234957	0.229412	0.209059	0.210375	0.234604	0.224784	0.211765	0.191429	0.221264	0.231884	0.224784	0.244444	
0.222812	0.250746	0.215625	0.259740	0.230159	0.392857	0.237333	0.232000	0.205761	0.227147	0.250000	0.271505	0.246212	0.235119	0.247978	0.483871	0.468927	0.233244	0.246032	0.250667	0.227882	0.234501	0.247458	0.221333	0.246418	0.000000	0.238636	0.228723	0.218182	0.238606	0.442073	0.447293	0.438486	0.273210	0.259947	0.429348	0.226064	0.205333	0.211230	0.258667	0.278515	0.256684	0.249300	0.257669	0.243902	0.227642	0.435754	0.211382	0.454039	0.397476	0.449324	0.196765	0.446945	0.422652	0.226361	0.463768	0.238727	0.460843	0.208494	0.234432	0.255435	0.200000	0.235294	0.196581	0.236074	0.452514	0.452229	0.273273	0.215426	0.237960	0.231806	0.249307	0.212938	0.242165	0.223140	0.235632	0.219298	0.227882	0.204301	0.257453	0.242254	0.232240	0.260054	0.218085	0.214477	0.252747	0.254072	0.224932	0.226776	0.217158	0.220109	0.239362	0.231383	0.235135	0.235925	0.226586	
0.208451	0.234177	0.174757	0.218430	0.210674	0.380117	0.203966	0.215297	0.234043	0.180758	0.214689	0.213675	0.226923	0.215625	0.188571	0.435754	0.436782	0.220630	0.219101	0.206799	0.182336	0.212034	0.207746	0.205128	0.190909	0.238636	0.000000	0.183616	0.186312	0.240793	0.424437	0.377644	0.413333	0.236620	0.188732	0.426513	0.194915	0.218130	0.206799	0.228814	0.214085	0.227273	0.216617	0.234921	0.230435	0.216138	0.413690	0.206897	0.431953	0.404040	0.414286	0.168091	0.436667	0.414706	0.209726	0.433846	0.216901	0.449367	0.228000	0.252918	0.199422	0.194842	0.218750	0.189911	0.230986	0.422619	0.430000	0.219745	0.189266	0.219585	0.224138	0.213450	0.217765	0.223214	0.209913	0.230769	0.201878	0.207977	0.180812	0.216138	0.217910	0.210983	0.231429	0.211864	0.219373	0.224784	0.168421	0.194842	0.227011	0.221591	0.210983	0.223164	0.164306	0.232092	0.244318	0.238095	
0.200528	0.219585	0.201863	0.219355	0.218421	0.407104	0.201592	0.220159	0.212245	0.209366	0.219577	0.221925	0.227273	0.236686	0.217158	0.438503	0.443820	0.203753	0.202632	0.220159	0.186667	0.206434	0.200669	0.184000	0.240688	0.228723	0.183616	0.000000	0.210909	0.202667	0.442424	0.433803	0.432602	0.224274	0.218997	0.448649	0.201058	0.190981	0.231383	0.209549	0.203166	0.212766	0.220056	0.207317	0.231707	0.201072	0.436111	0.202156	0.457064	0.410658	0.446309	0.211796	0.428571	0.445055	0.195467	0.443804	0.187335	0.470238	0.197719	0.197080	0.202703	0.196237	0.199468	0.232295	0.232190	0.463889	0.449367	0.246988	0.211640	0.178470	0.198925	0.190083	0.211796	0.197183	0.200000	0.209169	0.154867	0.210667	0.183453	0.215633	0.238764	0.198370	0.237333	0.230159	0.208000	0.229508	0.165049	0.210243	0.192935	0.184000	0.195122	0.201058	0.183024	0.209677	0.217507	0.216216	
0.210145	0.206897	0.190871	0.234310	0.241877	0.368421	0.207273	0.247273	0.202020	0.174074	0.224638	0.202206	0.204878	0.220532	0.218978	0.437908	0.392157	0.221402	0.227437	0.207273	0.186131	0.190476	0.215517	0.194139	0.233962	0.218182	0.186312	0.210909	0.000000	0.222628	0.404167	0.401544	0.419087	0.239130	0.235507	0.417910	0.184783	0.192727	0.200730	0.247273	0.253623	0.225455	0.220588	0.268908	0.225962	0.171642	0.416667	0.202952	0.456274	0.380165	0.411255	0.204380	0.414414	0.404580	0.208494	0.431373	0.217391	0.440816	0.203620	0.257919	0.213235	0.205882	0.215328	0.204633	0.216606	0.409774	0.423729	0.229839	0.200000	0.209125	0.245421	0.240602	0.214022	0.250980	0.222222	0.209924	0.206349	0.198529	0.200957	0.239852	0.226054	0.228782	0.265683	0.221014	0.198529	0.208178	0.230769	0.200730	0.205224	0.229927	0.196296	0.217391	0.231884	0.240741	0.218978	0.192913	
0.220159	0.255952	0.233645	0.267101	0.244032	0.419178	0.200535	0.176471	0.208333	0.244444	0.234667	0.231806	0.243346	0.235821	0.218919	0.454054	0.451977	0.208108	0.209549	0.213904	0.220430	0.237838	0.236486	0.225806	0.234104	0.238606	0.240793	0.202667	0.222628	0.000000	0.433333	0.439093	0.436709	0.252660	0.252660	0.438692	0.245333	0.240642	0.238606	0.262032	0.239362	0.235925	0.227528	0.249231	0.258197	0.217391	0.428571	0.203804	0.452778	0.429467	0.454545	0.229730	0.428115	0.435262	0.192529	0.459302	0.247340	0.471299	0.224806	0.269373	0.249322	0.186486	0.246649	0.214286	0.236702	0.456583	0.452229	0.254545	0.221333	0.210227	0.227642	0.247222	0.202703	0.202857	0.232044	0.213873	0.240000	0.217742	0.210145	0.222826	0.232295	0.202740	0.251351	0.216000	0.239247	0.235616	0.196078	0.187500	0.246575	0.204301	0.199454	0.213333	0.232620	0.241192	0.241935	0.242424	
0.454819	0.456667	0.421053	0.440000	0.451807	0.149847	0.389058	0.437690	0.410138	0.423197	0.415152	0.441718	0.437500	0.407285	0.415902	0.128492	0.140244	0.435583	0.439759	0.457576	0.432927	0.452599	0.441065	0.406728	0.411765	0.442073	0.424437	0.442424	0.404167	0.433333	0.000000	0.143750	0.122867	0.444109	0.419940	0.134557	0.441088	0.404255	0.420732	0.468085	0.410876	0.445122	0.415335	0.429054	0.440367	0.424149	0.123457	0.433846	0.166154	0.136986	0.118519	0.411043	0.138889	0.141104	0.446602	0.150641	0.444109	0.149502	0.448276	0.481172	0.375385	0.400000	0.419453	0.397436	0.435045	0.143750	0.147766	0.427586	0.389728	0.418006	0.401840	0.423197	0.409786	0.461290	0.418750	0.442244	0.469697	0.402439	0.397590	0.424615	0.426282	0.421538	0.440000	0.403030	0.418960	0.434783	0.426966	0.387692	0.419255	0.429878	0.370717	0.407855	0.451515	0.447853	0.440367	0.452381	
0.464789	0.452830	0.395349	0.451724	0.456338	0.166189	0.411932	0.422096	0.407895	0.411765	0.401130	0.440000	0.444898	0.401274	0.404011	0.146739	0.202312	0.419540	0.436620	0.471591	0.402857	0.439655	0.412811	0.402857	0.420245	0.447293	0.377644	0.433803	0.401544	0.439093	0.143750	0.000000	0.137255	0.403955	0.392655	0.134670	0.423729	0.409091	0.407407	0.443182	0.406780	0.407407	0.416667	0.422951	0.446352	0.425287	0.131965	0.436416	0.173410	0.145631	0.127586	0.393678	0.130293	0.121387	0.426829	0.159159	0.429379	0.110759	0.419087	0.458824	0.394813	0.396552	0.404558	0.387195	0.409605	0.123529	0.160000	0.417476	0.373938	0.404255	0.387931	0.398230	0.415473	0.463855	0.417647	0.438650	0.454976	0.411429	0.403846	0.412104	0.418675	0.425656	0.433048	0.396601	0.433048	0.412281	0.382759	0.380403	0.406977	0.444759	0.373913	0.402266	0.406250	0.428161	0.437500	0.439490	
0.446875	0.450172	0.400722	0.439394	0.464174	0.150641	0.415094	0.418750	0.424528	0.426710	0.390625	0.443038	0.429825	0.391753	0.416404	0.132184	0.177215	0.419048	0.433022	0.446541	0.416404	0.444444	0.421875	0.405063	0.431973	0.438486	0.413333	0.432602	0.419087	0.436709	0.122867	0.137255	0.000000	0.415625	0.409375	0.138801	0.425000	0.411950	0.422713	0.442006	0.393750	0.416404	0.419672	0.424028	0.459330	0.414013	0.153846	0.439490	0.133758	0.145390	0.131579	0.372611	0.140794	0.130990	0.454237	0.163399	0.434375	0.153061	0.418919	0.443038	0.404459	0.380952	0.393082	0.372483	0.429907	0.119741	0.170290	0.426523	0.373041	0.393939	0.393651	0.405844	0.426752	0.470000	0.400000	0.418367	0.427083	0.405063	0.388430	0.412698	0.405941	0.410256	0.428571	0.376176	0.405063	0.414239	0.388462	0.397436	0.410256	0.424528	0.369775	0.390625	0.426332	0.436709	0.441640	0.448763	
0.250000	0.254438	0.232198	0.250804	0.262467	0.397820	0.216931	0.206349	0.245902	0.219780	0.234828	0.237333	0.233962	0.215339	0.245989	0.435484	0.429379	0.219251	0.244094	0.248677	0.228723	0.227273	0.248322	0.225464	0.228571	0.273210	0.236620	0.224274	0.239130	0.252660	0.444109	0.403955	0.415625	0.000000	0.213158	0.417790	0.234828	0.227513	0.241379	0.222222	0.244737	0.236074	0.263889	0.221884	0.224490	0.250000	0.421053	0.236559	0.436464	0.396875	0.411371	0.243316	0.401274	0.421918	0.267045	0.433908	0.215789	0.435821	0.231939	0.247273	0.215633	0.225201	0.225464	0.231638	0.228947	0.443213	0.416404	0.231231	0.205805	0.194915	0.235925	0.214286	0.237968	0.231638	0.243169	0.234286	0.211454	0.223404	0.171429	0.212366	0.271709	0.208672	0.232620	0.245383	0.263298	0.253406	0.214286	0.212366	0.224932	0.223404	0.210811	0.187335	0.219577	0.221925	0.242021	0.266467	
0.218421	0.263314	0.207430	0.228296	0.236220	0.386921	0.238095	0.211640	0.254098	0.208791	0.234828	0.258667	0.233962	0.230088	0.227273	0.430108	0.406780	0.245989	0.244094	0.240741	0.199468	0.251337	0.241611	0.191489	0.228571	0.259947	0.188732	0.218997	0.235507	0.252660	0.419940	0.392655	0.409375	0.213158	0.000000	0.415094	0.232190	0.222222	0.238727	0.238095	0.221053	0.233422	0.252778	0.215805	0.191837	0.225806	0.412742	0.223118	0.425414	0.396875	0.418060	0.229947	0.414013	0.394521	0.213068	0.416667	0.231579	0.417910	0.259542	0.258182	0.226415	0.211796	0.246684	0.220339	0.239474	0.421053	0.422713	0.219219	0.245383	0.211864	0.195710	0.225275	0.240642	0.223164	0.224044	0.222857	0.220264	0.199468	0.207885	0.212366	0.260504	0.224932	0.229947	0.234828	0.250000	0.239782	0.211039	0.228495	0.227642	0.234043	0.216216	0.197889	0.201058	0.243968	0.250000	0.257485	
0.447439	0.443769	0.390476	0.430921	0.462366	0.169444	0.414634	0.441734	0.397490	0.418539	0.396226	0.441417	0.445736	0.408408	0.423497	0.134409	0.141243	0.430137	0.435484	0.463415	0.411444	0.446575	0.417241	0.419619	0.428152	0.429348	0.426513	0.448649	0.417910	0.438692	0.134557	0.134670	0.138801	0.417790	0.415094	0.000000	0.433962	0.414634	0.418478	0.441734	0.404313	0.415761	0.414773	0.440994	0.441176	0.424242	0.125698	0.435262	0.144847	0.140127	0.156463	0.405479	0.141479	0.128134	0.422741	0.163743	0.436658	0.126888	0.435798	0.455556	0.428177	0.381868	0.396739	0.391931	0.420485	0.152113	0.153846	0.421538	0.375676	0.407514	0.398352	0.407303	0.410959	0.469741	0.420168	0.434018	0.441964	0.422343	0.404412	0.420330	0.431034	0.416667	0.442623	0.408108	0.422343	0.427374	0.415282	0.388430	0.430556	0.423913	0.385042	0.408108	0.436314	0.445055	0.441417	0.450920	
0.232190	0.234421	0.195652	0.245161	0.221053	0.411444	0.198939	0.204244	0.225410	0.225895	0.224868	0.240642	0.222642	0.218935	0.246649	0.459893	0.443820	0.211796	0.236842	0.251989	0.208000	0.227882	0.234899	0.216000	0.220630	0.226064	0.194915	0.201058	0.184783	0.245333	0.441088	0.423729	0.425000	0.234828	0.232190	0.433962	0.000000	0.220159	0.207447	0.230769	0.229551	0.202128	0.236769	0.246951	0.233607	0.204852	0.440443	0.202156	0.455801	0.426332	0.438127	0.198391	0.436306	0.435616	0.222222	0.461095	0.229551	0.456716	0.203065	0.211679	0.235135	0.206989	0.223404	0.229462	0.232190	0.450000	0.435331	0.210843	0.198413	0.218130	0.225806	0.234160	0.257373	0.232295	0.238356	0.243553	0.211454	0.202667	0.208633	0.237197	0.269663	0.211957	0.214477	0.214286	0.216000	0.251366	0.240260	0.234501	0.217391	0.237333	0.241192	0.219577	0.220159	0.223118	0.226667	0.218563	
0.224868	0.223214	0.199377	0.226537	0.211082	0.372603	0.214854	0.212766	0.209877	0.201657	0.249337	0.230563	0.231061	0.219585	0.206989	0.481283	0.414773	0.206989	0.224274	0.225464	0.205882	0.206434	0.202703	0.181818	0.199430	0.205333	0.218130	0.190981	0.192727	0.240642	0.404255	0.409091	0.411950	0.227513	0.222222	0.414634	0.220159	0.000000	0.218667	0.231383	0.248677	0.218667	0.245125	0.226300	0.207317	0.197297	0.403900	0.175676	0.433333	0.366771	0.406040	0.215054	0.403846	0.402204	0.214286	0.430636	0.230159	0.441441	0.216730	0.171533	0.197832	0.196765	0.216000	0.207386	0.230159	0.417827	0.430380	0.235650	0.196286	0.190341	0.218329	0.218232	0.204301	0.250000	0.225275	0.191429	0.207048	0.207447	0.182796	0.243243	0.256338	0.196185	0.241935	0.212202	0.228723	0.210959	0.214984	0.186486	0.192412	0.216578	0.184783	0.212202	0.215426	0.214477	0.213904	0.222222	
0.230769	0.240356	0.208075	0.256494	0.222222	0.398352	0.210667	0.229333	0.226337	0.190608	0.228723	0.222520	0.223485	0.196429	0.223720	0.449198	0.404494	0.221024	0.208995	0.226667	0.216578	0.235925	0.202703	0.211796	0.237822	0.211230	0.206799	0.231383	0.200730	0.238606	0.420732	0.407407	0.422713	0.241379	0.238727	0.418478	0.207447	0.218667	0.000000	0.242667	0.222812	0.237968	0.246499	0.239264	0.228571	0.237197	0.416201	0.226415	0.431755	0.400631	0.434343	0.209677	0.427653	0.417127	0.186246	0.449275	0.254642	0.454819	0.223077	0.253623	0.233696	0.210243	0.211230	0.227920	0.217507	0.441341	0.422222	0.233333	0.196809	0.204545	0.232432	0.224377	0.239247	0.249292	0.225895	0.221264	0.211454	0.195710	0.197842	0.216802	0.240113	0.232240	0.261456	0.207447	0.227882	0.274725	0.256494	0.227642	0.243169	0.232000	0.214092	0.220745	0.210667	0.237197	0.256684	0.199396	
0.206349	0.244048	0.258567	0.241935	0.258575	0.421918	0.223404	0.212766	0.250000	0.209945	0.209549	0.238606	0.238636	0.222552	0.223118	0.454054	0.431818	0.231183	0.221636	0.260638	0.243316	0.241935	0.222973	0.195187	0.238506	0.258667	0.228814	0.209549	0.247273	0.262032	0.468085	0.443182	0.442006	0.222222	0.238095	0.441734	0.230769	0.231383	0.242667	0.000000	0.246032	0.224000	0.234637	0.259146	0.205761	0.210811	0.442897	0.227027	0.438889	0.421384	0.471380	0.238606	0.455128	0.443526	0.205714	0.465318	0.230159	0.455090	0.206897	0.219780	0.249322	0.234501	0.226064	0.235795	0.224868	0.465181	0.458861	0.259036	0.214854	0.198864	0.221024	0.254144	0.239247	0.232295	0.225275	0.223496	0.224670	0.227273	0.226619	0.245946	0.261236	0.228883	0.228495	0.251989	0.237968	0.232877	0.218954	0.191892	0.195122	0.237968	0.233062	0.225464	0.226064	0.218329	0.256684	0.250000	
0.239474	0.242604	0.235294	0.244373	0.225722	0.381471	0.230159	0.248677	0.262295	0.219178	0.200528	0.253333	0.200000	0.221239	0.219251	0.408602	0.338983	0.240642	0.249344	0.232804	0.220745	0.224599	0.201342	0.220745	0.222857	0.278515	0.214085	0.203166	0.253623	0.239362	0.410876	0.406780	0.393750	0.244737	0.221053	0.404313	0.229551	0.248677	0.222812	0.246032	0.000000	0.265252	0.216667	0.239394	0.212245	0.206989	0.393352	0.238606	0.425414	0.412500	0.421405	0.200535	0.401274	0.405479	0.220963	0.425287	0.250000	0.432836	0.251908	0.258182	0.223720	0.206434	0.204244	0.214689	0.255263	0.432133	0.425868	0.234234	0.232190	0.194366	0.222520	0.241758	0.237968	0.220339	0.239782	0.262857	0.237885	0.214854	0.207885	0.228495	0.232493	0.227642	0.232620	0.218997	0.226064	0.261580	0.230519	0.236559	0.243902	0.194149	0.245283	0.205805	0.224868	0.217158	0.268617	0.236527	
0.233422	0.229167	0.167702	0.225806	0.227513	0.392857	0.210667	0.226064	0.218107	0.229282	0.239362	0.231183	0.233962	0.230769	0.231806	0.435484	0.429379	0.207547	0.224868	0.250667	0.209115	0.226415	0.202020	0.222520	0.236311	0.256684	0.227273	0.212766	0.225455	0.235925	0.445122	0.407407	0.416404	0.236074	0.233422	0.415761	0.202128	0.218667	0.237968	0.224000	0.265252	0.000000	0.226891	0.207951	0.225410	0.219512	0.416201	0.203252	0.440111	0.397476	0.410774	0.218329	0.419872	0.415978	0.217143	0.426087	0.214854	0.457831	0.210728	0.249084	0.233062	0.183784	0.205333	0.224432	0.230769	0.460894	0.414557	0.217523	0.207447	0.185185	0.181081	0.246537	0.204852	0.222222	0.242424	0.209770	0.212389	0.222520	0.208633	0.208108	0.254237	0.188525	0.239892	0.228723	0.235925	0.214286	0.244300	0.208672	0.215259	0.211796	0.193460	0.199468	0.213333	0.227027	0.227882	0.201807	
0.230556	0.253870	0.250000	0.239865	0.229917	0.409222	0.200557	0.243017	0.246809	0.223837	0.255556	0.255618	0.254902	0.223242	0.237288	0.437158	0.445714	0.237288	0.243767	0.233983	0.249300	0.244382	0.216783	0.241573	0.220896	0.249300	0.216617	0.220056	0.220588	0.227528	0.415335	0.416667	0.419672	0.263889	0.252778	0.414773	0.236769	0.245125	0.246499	0.234637	0.216667	0.226891	0.000000	0.252396	0.244726	0.247159	0.416422	0.215297	0.434402	0.426710	0.439446	0.216901	0.429054	0.431884	0.244048	0.450151	0.255556	0.449367	0.218750	0.267925	0.210227	0.198300	0.201117	0.219585	0.244444	0.437318	0.427152	0.246875	0.217270	0.223881	0.242938	0.262248	0.251412	0.240356	0.236994	0.224551	0.260090	0.216292	0.222642	0.227273	0.266272	0.228571	0.250000	0.225627	0.238764	0.234957	0.230508	0.220339	0.214286	0.232493	0.231429	0.236769	0.236769	0.223796	0.249300	0.250000	
0.218845	0.222603	0.199324	0.250000	0.209091	0.408228	0.217125	0.212766	0.226667	0.214953	0.243902	0.240741	0.252000	0.220000	0.243077	0.447059	0.427673	0.191950	0.239394	0.216463	0.236923	0.219136	0.197761	0.196923	0.227723	0.257669	0.234921	0.207317	0.268908	0.249231	0.429054	0.422951	0.424028	0.221884	0.215805	0.440994	0.246951	0.226300	0.239264	0.259146	0.239394	0.207951	0.252396	0.000000	0.182648	0.241486	0.432258	0.175385	0.456869	0.388489	0.420849	0.225309	0.445614	0.434921	0.222222	0.434641	0.236364	0.461794	0.259574	0.274590	0.229102	0.191358	0.195719	0.217666	0.249240	0.461538	0.434783	0.217687	0.227964	0.206452	0.217391	0.261682	0.219136	0.250804	0.216981	0.219269	0.194030	0.213415	0.178295	0.238390	0.274760	0.226006	0.266254	0.216463	0.201835	0.203077	0.240602	0.210526	0.202492	0.221538	0.210526	0.210366	0.222561	0.246914	0.240000	0.248299	
0.207317	0.242553	0.201794	0.214953	0.239837	0.432773	0.209016	0.191837	0.267760	0.191489	0.244898	0.261411	0.208333	0.183761	0.204918	0.479167	0.422222	0.238683	0.223577	0.240816	0.224490	0.218107	0.196262	0.201646	0.213389	0.243902	0.230435	0.231707	0.225962	0.258197	0.440367	0.446352	0.459330	0.224490	0.191837	0.441176	0.233607	0.207317	0.228571	0.205761	0.212245	0.225410	0.244726	0.182648	0.000000	0.235537	0.432900	0.198347	0.455696	0.407240	0.446009	0.219917	0.467980	0.418803	0.197425	0.447368	0.228571	0.431193	0.250000	0.247525	0.217213	0.185185	0.192623	0.254310	0.236735	0.433476	0.469194	0.213333	0.209016	0.185345	0.247934	0.213389	0.219917	0.214592	0.226891	0.216102	0.217143	0.204918	0.201005	0.231405	0.226496	0.239669	0.250000	0.220408	0.215447	0.237500	0.243119	0.177686	0.214286	0.230453	0.194215	0.219512	0.178862	0.219008	0.275720	0.200000	
0.209677	0.219880	0.188679	0.260726	0.217158	0.384401	0.210811	0.218919	0.194215	0.213483	0.215633	0.217391	0.236434	0.181269	0.224044	0.427027	0.420455	0.229508	0.230563	0.232432	0.219512	0.220109	0.203390	0.201087	0.216374	0.227642	0.216138	0.201072	0.171642	0.217391	0.424149	0.425287	0.414013	0.250000	0.225806	0.424242	0.204852	0.197297	0.237197	0.210811	0.206989	0.219512	0.247159	0.241486	0.235537	0.000000	0.419263	0.193989	0.440678	0.400641	0.434932	0.207650	0.425806	0.425770	0.199422	0.438235	0.209115	0.450151	0.217899	0.222628	0.214286	0.183562	0.224932	0.199422	0.217742	0.444759	0.430868	0.217791	0.215633	0.202312	0.224658	0.219101	0.209809	0.242857	0.203911	0.213450	0.207207	0.209239	0.170909	0.235616	0.240000	0.221607	0.230978	0.215633	0.206522	0.208914	0.207237	0.195055	0.204986	0.202703	0.208791	0.210243	0.194595	0.229508	0.254054	0.223242	
