0.00000000099999999872 0.99999999499999991937 0.00000000099999999872 0.00000000099999999872 0.00000000099999999872 0.00000000099999999872 
0.00000000099999999877 0.99999999500000003039 0.00000000099999999877 0.00000000099999999877 0.00000000099999999877 0.00000000099999999877 
0.00000000099999999886 0.97005080914912988899 0.00000000099999999886 0.00000000099999999886 0.02994918685087005414 0.00000000099999999886 
0.00000000099999999891 0.99999999499999991937 0.00000000099999999891 0.00000000099999999891 0.00000000099999999891 0.00000000099999999891 
0.00000000099999999836 0.98391022648131587491 0.00000000099999999836 0.00000000099999999836 0.00000000099999999836 0.01608976951868425903 
0.00000000099999999887 0.00000000099999999887 0.32601344807436188900 0.67398654792563794658 0.00000000099999999887 0.00000000099999999887 
0.71879348221208916314 0.00000000099999999984 0.00332328463719605647 0.27788323015071475508 0.00000000099999999984 0.00000000099999999984 
0.47041143906701193833 0.00000000099999999929 0.52934144716051900748 0.00024711077246915449 0.00000000099999999929 0.00000000099999999929 
0.19513944031501551102 0.00000000099999999918 0.00000000099999999918 0.80486055568498449109 0.00000000099999999918 0.00000000099999999918 
0.20156209397930352489 0.00000000099999999890 0.58061130437798558201 0.21782659864271089467 0.00000000099999999890 0.00000000099999999890 
0.00000000099999999910 0.00000000099999999910 0.57676028230340559144 0.42323971369659429964 0.00000000099999999910 0.00000000099999999910 
0.00000000099999999992 0.01746848181390033353 0.04846426873261235058 0.00000000099999999992 0.00000000099999999992 0.93406724645348737646 
0.00000000099999999864 0.00000000099999999864 0.00000000099999999864 0.00000000099999999864 0.99999999499999991937 0.00000000099999999864 
0.25908681190654220261 0.00000000099999999897 0.74091318275010831229 0.00000000234334933809 0.00000000099999999897 0.00000000099999999897 
0.00000000099999999985 0.00000000099999999985 0.01445419968550868371 0.00000000099999999985 0.98554579631449135135 0.00000000099999999985 
0.00000000099999999871 0.99999999499999991937 0.00000000099999999871 0.00000000099999999871 0.00000000099999999871 0.00000000099999999871 
0.00000000099999999867 0.00000000099999999867 0.36640090485893972438 0.63359909114106016670 0.00000000099999999867 0.00000000099999999867 
0.38886558061347920034 0.00000000099999999889 0.61113441538652080176 0.00000000099999999889 0.00000000099999999889 0.00000000099999999889 
0.54374035502366557804 0.00000000099999999929 0.45625963561880600317 0.00000000635752838038 0.00000000099999999929 0.00000000099999999929 
0.00000000099999999897 0.00000000099999999897 0.00000000099999999897 0.00000000099999999897 0.99999999499999991937 0.00000000099999999897 
0.00000000099999999973 0.00000000099999999973 0.00000000099999999973 0.00000000099999999973 0.98147658379770341686 0.01852341220229660607 
0.44040624324098870401 0.00000000099999999850 0.37517016671396652416 0.18442358704504463462 0.00000000099999999850 0.00000000099999999850 
0.92861452581525993910 0.00000000099999999874 0.07138547018473996586 0.00000000099999999874 0.00000000099999999874 0.00000000099999999874 
0.00000000099999999935 0.00000000099999999935 0.00000000099999999935 0.99999999500000003039 0.00000000099999999935 0.00000000099999999935 
0.00000000099999999894 0.00000000099999999894 0.00000000099999999894 0.00000000099999999894 0.99999999499999980834 0.00000000099999999894 
0.73611614882271481086 0.00000000099999999964 0.00000000099999999964 0.26388384717728535778 0.00000000099999999964 0.00000000099999999964 
0.58413590746546117938 0.00000000099999999902 0.21249067014605912962 0.20337341938847977585 0.00000000099999999902 0.00000000099999999902 
0.00000000099999999848 0.99999999500000003039 0.00000000099999999848 0.00000000099999999848 0.00000000099999999848 0.00000000099999999848 
0.00000000099999999952 0.96375395202799984951 0.00000000099999999952 0.00000000099999999952 0.00000000099999999952 0.03624604397200027056 
0.68738539311379642793 0.00000000099999999904 0.31261460288620357417 0.00000000099999999904 0.00000000099999999904 0.00000000099999999904 
0.00000000099999999899 0.99999999500000003039 0.00000000099999999899 0.00000000099999999899 0.00000000099999999899 0.00000000099999999899 
0.00000000099999999992 0.90779239528576949336 0.00000000099999999992 0.07682152624192445378 0.00000000099999999992 0.01538607547230625219 
0.00000000099999999948 0.99999999500000014141 0.00000000099999999948 0.00000000099999999948 0.00000000099999999948 0.00000000099999999948 
0.34239175790867742988 0.00000000099999999854 0.52631927937348621516 0.13128895971783627328 0.00000000099999999854 0.00000000099999999854 
0.59076179298690856267 0.00000000099999999871 0.00000000099999999871 0.40923820301309149494 0.00000000099999999871 0.00000000099999999871 
0.28032572942403422012 0.00000000099999999991 0.55098620694657551855 0.15532210670935059360 0.01336595492003950225 0.00000000099999999991 
0.19587783280647352857 0.00000000099999999894 0.54469769567243842001 0.25942446852108791422 0.00000000099999999894 0.00000000099999999894 
0.49838773108180811633 0.00000000099999999866 0.33242751459133923486 0.16918475132685245610 0.00000000099999999866 0.00000000099999999866 
0.45149238037727856820 0.00000000099999999992 0.22388544428052128965 0.31906729992784210737 0.00000000099999999992 0.00555487341435800287 
0.00000000649520233598 0.00000000099999999973 0.65099330772733166040 0.34900668277746610402 0.00000000099999999973 0.00000000099999999973 
0.39029813743244806679 0.00000000099999999947 0.00000000099999999947 0.60970185856755187981 0.00000000099999999947 0.00000000099999999947 
0.70346965388494542282 0.00000000099999999895 0.29653021850984090380 0.00000012460521364474 0.00000000099999999895 0.00000000099999999895 
0.00000000099999999921 0.99999999500000014141 0.00000000099999999921 0.00000000099999999921 0.00000000099999999921 0.00000000099999999921 
0.00000000099999999916 0.98134388297420604985 0.00000000099999999916 0.00000000099999999916 0.00000000099999999916 0.01865611302579419511 
0.49804875536025339233 0.00000000099999999893 0.50195124063974638773 0.00000000099999999893 0.00000000099999999893 0.00000000099999999893 
0.00000000099999999857 0.99999999499999991937 0.00000000099999999857 0.00000000099999999857 0.00000000099999999857 0.00000000099999999857 
0.00000000099999999917 0.00000000099999999917 0.00000000099999999917 0.00000000099999999917 0.00000000099999999917 0.99999999499999991937 
0.00000000099999999992 0.00000000099999999992 0.00000000099999999992 0.03405605554004806357 0.96594394045995202180 0.00000000099999999992 
0.00000000099999999887 0.00000000099999999887 0.76841717716933610749 0.23158281883066364482 0.00000000099999999887 0.00000000099999999887 
0.00000000099999999916 0.00000000099999999916 0.00000000099999999916 0.00000000099999999916 0.00000000099999999916 0.99999999499999991937 
0.44296369146341085798 0.00000000099999999984 0.55632312691962093609 0.00000004063880271614 0.00000000099999999984 0.00071313897816533767 
0.02046339635798456735 0.00073002105433826584 0.44114774904690623458 0.53765883154077109829 0.00000000099999999991 0.00000000099999999991 
0.00000000099999999993 0.98269711353500721618 0.00000001449756605377 0.01730286896742682518 0.00000000099999999993 0.00000000099999999993 
0.00000000099999999997 0.94889301635048928230 0.00000000099999999997 0.01822432096324486800 0.03288265968626586516 0.00000000099999999997 
0.53947555091317378473 0.00000000099999999878 0.00000000099999999878 0.46052444508682610635 0.00000000099999999878 0.00000000099999999878 
0.10132518772078569214 0.00000000099999999996 0.48989665765407125475 0.37485285223587633263 0.02240101193984999836 0.01152428944941681112 
0.51540561836520026873 0.00000000099999999996 0.31968706509783734182 0.11438075240363945739 0.00000000099999999996 0.05052656213332296087 
0.22539273370902607185 0.00000000099999999883 0.48697751119213905646 0.28762975209883467897 0.00000000099999999883 0.00000000099999999883 
0.01809379659805189847 0.97438432994366641626 0.00000000099999999998 0.00000000099999999998 0.00752187045828183864 0.00000000099999999998 
0.54492225357039281164 0.03258359817375871409 0.11251564878739801767 0.30997849746845052010 0.00000000099999999992 0.00000000099999999992 
0.00000000099999999989 0.96379332305792253521 0.00000000099999999989 0.03089525588006259565 0.00000000099999999989 0.00531141806201506500 
0.00000000099999999900 0.98368241342449291853 0.00000000099999999900 0.00000000099999999900 0.01631758257550716684 0.00000000099999999900 
0.42931887713231925430 0.00000000099999999929 0.57068111886768069230 0.00000000099999999929 0.00000000099999999929 0.00000000099999999929 
0.00000000099999999904 0.00000000099999999904 0.00000000099999999904 0.00000000099999999904 0.99999999499999991937 0.00000000099999999904 
0.91859432985598621357 0.00000000099999999925 0.08140566614401384404 0.00000000099999999925 0.00000000099999999925 0.00000000099999999925 
0.55094138793961633382 0.00000000099999999857 0.00000000099999999857 0.44905860806038372379 0.00000000099999999857 0.00000000099999999857 
0.00000000099999999884 0.00000000099999999884 0.45209886968071577584 0.54790112631928411524 0.00000000099999999884 0.00000000099999999884 
0.00000000099999999928 0.00000000099999999928 0.83068453480664306010 0.16931546119335696976 0.00000000099999999928 0.00000000099999999928 
0.00000000099999999897 0.97317891236711584479 0.00000000099999999897 0.00000000099999999897 0.00000000099999999897 0.02682108363288436895 
0.28705428507252250814 0.00000000099999999863 0.30798187222515388539 0.40496383970232346927 0.00000000099999999863 0.00000000099999999863 
0.75318346642915978695 0.00000000099999999897 0.00000000099999999897 0.24681652957084021516 0.00000000099999999897 0.00000000099999999897 
0.00000000099999999895 0.00000000099999999895 0.00000000099999999895 0.00000000099999999895 0.99999999499999980834 0.00000000099999999895 
0.00000000099999999845 0.00000000099999999845 0.00000000099999999845 0.00000000099999999845 0.99999999499999991937 0.00000000099999999845 
0.69975763338720087248 0.00000000099999999923 0.06486945170010459394 0.23537291191269443802 0.00000000099999999923 0.00000000099999999923 
0.41539343773913256497 0.00000000099999999850 0.26738154343020825721 0.31722501583065898512 0.00000000099999999850 0.00000000099999999850 
0.59179141715687266778 0.00300196270048225721 0.40505431820858633918 0.00015229993405862537 0.00000000099999999998 0.00000000099999999998 
0.50663162513909554274 0.00000000099999999920 0.22003162050297050967 0.27333675135793400468 0.00000000099999999920 0.00000000099999999920 
0.14681792058744530527 0.04407913842516841818 0.38029420429832483386 0.42880873468906149926 0.00000000099999999993 0.00000000099999999993 
0.26445767671359649009 0.00385850553343567316 0.43014159688851938412 0.30154221618983689801 0.00000000367461150779 0.00000000099999999994 
0.62448566784586578837 0.00000000099999999939 0.34675568547952895226 0.02875864367460513604 0.00000000099999999939 0.00000000099999999939 
0.14129057739618744449 0.00000000099999999913 0.49009215863227667542 0.36861726097153585391 0.00000000099999999913 0.00000000099999999913 
0.94713268664221528237 0.00000000099999999866 0.05286730935778455320 0.00000000099999999866 0.00000000099999999866 0.00000000099999999866 
0.21398050399700788149 0.00000000099999999850 0.00000000099999999850 0.78601949200299203735 0.00000000099999999850 0.00000000099999999850 
0.12963614948384169501 0.00000000099999999911 0.87036384651615839037 0.00000000099999999911 0.00000000099999999911 0.00000000099999999911 
0.02947335148270542604 0.00258080904608121598 0.65997911630987571296 0.30796672116133771979 0.00000000099999999998 0.00000000099999999998 
0.00000000099999999986 0.00000000099999999986 0.54906180713135266380 0.43964657237692233993 0.01129161749172497183 0.00000000099999999986 
0.00000000099999999888 0.00729007747988746208 0.00000000099999999888 0.00000000099999999888 0.99270991852011236656 0.00000000099999999888 
0.16622395100239062415 0.00000000099999999867 0.67225481896205940835 0.16152122703554971928 0.00000000099999999867 0.00000000099999999867 
0.00000000099999999861 0.00000000099999999861 0.46513216249820460435 0.53486783350179534224 0.00000000099999999861 0.00000000099999999861 
0.00000000099999999908 0.97705978348023025948 0.00000000099999999908 0.00000000099999999908 0.00000000099999999908 0.02294021251976991957 
0.27823749257980262550 0.00000000099999999978 0.59230852560249813710 0.12945397881769937776 0.00000000099999999978 0.00000000099999999978 
0.99999999500000003039 0.00000000099999999880 0.00000000099999999880 0.00000000099999999880 0.00000000099999999880 0.00000000099999999880 
0.63847952520560247169 0.00000000099999999885 0.36152047079439747490 0.00000000099999999885 0.00000000099999999885 0.00000000099999999885 
0.99999999500000014141 0.00000000099999999984 0.00000000099999999984 0.00000000099999999984 0.00000000099999999984 0.00000000099999999984 
0.41024682303250015192 0.00000000099999999882 0.10950846695159584254 0.48024470701590382671 0.00000000099999999882 0.00000000099999999882 
0.00000000099999999908 0.00000000099999999908 0.00000000099999999908 0.00000000099999999908 0.99999999500000003039 0.00000000099999999908 
0.39070602574978657850 0.00000000099999999933 0.08152941864639631775 0.52776455260381704981 0.00000000099999999933 0.00000000099999999933 
0.00000000099999999998 0.94708416669179895653 0.00000000099999999998 0.00904501290880526873 0.03255173836317021285 0.01131908003622571213 
0.00000000099999999881 0.99999999499999991937 0.00000000099999999881 0.00000000099999999881 0.00000000099999999881 0.00000000099999999881 
0.00000000099999999991 0.95355109841691410022 0.00000000099999999991 0.03367550672130918687 0.01277339186177680122 0.00000000099999999991 
0.99999999500000003039 0.00000000099999999866 0.00000000099999999866 0.00000000099999999866 0.00000000099999999866 0.00000000099999999866 
0.31843260227194519763 0.00000000099999999882 0.01926675125201465430 0.66230064347604000741 0.00000000099999999882 0.00000000099999999882 
0.15280231911985087123 0.00000000099999999851 0.19313687702243553801 0.65406080085771345356 0.00000000099999999851 0.00000000099999999851 
0.37901380919132515723 0.06334057826728096974 0.20043869467651337368 0.34994170592982809520 0.00726521093505250529 0.00000000099999999998 
0.56285932802486970949 0.00000000099999999996 0.13530237176655279807 0.20654251532160805560 0.09529578288696934074 0.00000000099999999996 
0.13530519798678419807 0.00000000099999999982 0.86437739338371477604 0.00031740562950094284 0.00000000099999999982 0.00000000099999999982 
0.99999999500000003039 0.00000000099999999923 0.00000000099999999923 0.00000000099999999923 0.00000000099999999923 0.00000000099999999923 
0.37779475994310784959 0.00000000099999999949 0.00000000099999999949 0.62220523605689215252 0.00000000099999999949 0.00000000099999999949 
0.14266243240412571081 0.00000000099999999885 0.85733756359587431906 0.00000000099999999885 0.00000000099999999885 0.00000000099999999885 
0.46223523372409153209 0.00000000099999999908 0.52257107972301530818 0.01519368355289327580 0.00000000099999999908 0.00000000099999999908 
0.00000000099999999998 0.00000000099999999998 0.97755424324637207878 0.00000000099999999998 0.01861029176235760169 0.00383546199127027905 
0.52121913418974652465 0.00000000099999999977 0.16957771577235719596 0.30920314703789630872 0.00000000099999999977 0.00000000099999999977 
0.40682649574463952691 0.00753771535228133730 0.45584410966044214275 0.12979167724263709904 0.00000000099999999997 0.00000000099999999997 
0.16734098427481758353 0.00000000099999999899 0.61154672815902544336 0.22111228456615697469 0.00000000099999999899 0.00000000099999999899 
0.00000000099999999850 0.99999999499999991937 0.00000000099999999850 0.00000000099999999850 0.00000000099999999850 0.00000000099999999850 
0.11777643995011592704 0.00000000099999999967 0.24772031630257798640 0.63450324074730601875 0.00000000099999999967 0.00000000099999999967 
0.19946797797006718400 0.00000000099999999946 0.60916101095198105231 0.19137100807795170976 0.00000000099999999946 0.00000000099999999946 
0.34268640053705179405 0.02213824453722298621 0.62855296147996420064 0.00000000099999999995 0.00662239144576119709 0.00000000099999999995 
0.26381585034250731869 0.00000000099999999969 0.51893205021540622646 0.21725209644208648418 0.00000000099999999969 0.00000000099999999969 
0.60135857321088037608 0.00000000099999999978 0.39864142278911973705 0.00000000099999999978 0.00000000099999999978 0.00000000099999999978 
0.11424837405801768764 0.00000000099999999926 0.75631427166910381032 0.12943735127287855913 0.00000000099999999926 0.00000000099999999926 
0.60544564360531316627 0.00000000099999999887 0.00000000099999999887 0.39455435239468683584 0.00000000099999999887 0.00000000099999999887 
0.16071609469526509928 0.08514789764255394078 0.40545688995517992215 0.34867046474082552532 0.00000865196617563200 0.00000000099999999998 
0.44717319522283377475 0.00000000099999999993 0.53989631437639329370 0.00000000099999999993 0.00000000099999999993 0.01293048740077301119 
0.10811425462906408546 0.00000000099999999899 0.64772041041169459152 0.24416533195924122746 0.00000000099999999899 0.00000000099999999899 
0.29429478381898954709 0.00000000099999999955 0.63374964637973940640 0.07195556680127113136 0.00000000099999999955 0.00000000099999999955 
0.99810173968614568363 0.00000000099999999907 0.00189825631385433713 0.00000000099999999907 0.00000000099999999907 0.00000000099999999907 
0.25037997119487143127 0.01509179519425159210 0.00000000099999999997 0.73452823061087701983 0.00000000099999999997 0.00000000099999999997 
0.42755411981122165566 0.03648386236556401541 0.00000000099999999997 0.53152028975833043312 0.00444172606488376590 0.00000000099999999997 
0.46782624054677718339 0.03943076276613953490 0.49274299368708329716 0.00000000099999999989 0.00000000099999999989 0.00000000099999999989 
0.33353733540507468636 0.00000000099999999911 0.66646266059492542677 0.00000000099999999911 0.00000000099999999911 0.00000000099999999911 
0.00000037565142260622 0.00000000099999999864 0.67240521250895435301 0.32759440883962293034 0.00000000099999999864 0.00000000099999999864 
0.23071080242701474949 0.00000000099999999866 0.58645124396465053707 0.18283795060833468726 0.00000000099999999866 0.00000000099999999866 
0.65325200360745183659 0.00000000099999999894 0.34674798035139475783 0.00000001304115321739 0.00000000099999999894 0.00000000099999999894 
0.49772159459305775897 0.00649727839392496773 0.25713179764883947742 0.23864932736417782122 0.00000000099999999994 0.00000000099999999994 
0.00000000099999999970 0.00000000099999999970 0.48631741951509815935 0.51368257648490189826 0.00000000099999999970 0.00000000099999999970 
0.00000000099999999869 0.00000000099999999869 0.00000000099999999869 0.00000000099999999869 0.99999999499999991937 0.00000000099999999869 
0.00000000099999999923 0.99330876245184085427 0.00000000099999999923 0.00000000099999999923 0.00669123354815925279 0.00000000099999999923 
0.00000000099999999907 0.02687399939385269262 0.00000000099999999907 0.00000000099999999907 0.97312599660614729213 0.00000000099999999907 
0.00000000099999999842 0.99999999500000003039 0.00000000099999999842 0.00000000099999999842 0.00000000099999999842 0.00000000099999999842 
0.00000000099999999857 0.00000000099999999857 0.00000000099999999857 0.00000000099999999857 0.00000000099999999857 0.99999999499999991937 
0.00000000099999999835 0.00000000099999999835 0.00000000099999999835 0.00000000099999999835 0.00000000099999999835 0.99999999499999991937 
0.00000000099999999889 0.02638202872739926416 0.00000000099999999889 0.00000000099999999889 0.97361796727260052631 0.00000000099999999889 
0.00000000099999999868 0.00000000099999999868 0.00000000099999999868 0.00000000099999999868 0.00000000099999999868 0.99999999499999991937 
0.79409845303158876906 0.00000000099999999853 0.00001757748432075432 0.20588396648409024170 0.00000000099999999853 0.00000000099999999853 
0.00000000099999999879 0.00000000099999999879 0.00000000099999999879 0.00000000099999999879 0.99999999499999991937 0.00000000099999999879 
0.00000000099999999854 0.00000000099999999854 0.00000000099999999854 0.99999999499999980834 0.00000000099999999854 0.00000000099999999854 
0.63103467458921347344 0.00000000099999999861 0.23693664414993748091 0.13202867826084907499 0.00000000099999999861 0.00000000099999999861 
0.41220275275120715763 0.00000000099999999865 0.10966707387894214509 0.47813017036985056007 0.00000000099999999865 0.00000000099999999865 
0.07129211285353891092 0.00000000099999999844 0.92870788314646102179 0.00000000099999999844 0.00000000099999999844 0.00000000099999999844 
0.59397295897248403307 0.00000000099999999926 0.16788518071878888449 0.23814185730872716729 0.00000000099999999926 0.00000000099999999926 
0.80195344357419684478 0.00000000099999999842 0.19804655242580307406 0.00000000099999999842 0.00000000099999999842 0.00000000099999999842 
0.41593055519079985549 0.00000000099999999900 0.34437935866072516555 0.23969008314847489727 0.00000000099999999900 0.00000000099999999900 
0.73404103505508011551 0.00000000099999999857 0.00000000099999999857 0.26595896094491983108 0.00000000099999999857 0.00000000099999999857 
0.40021366290381715780 0.00000000099999999883 0.59978633309618278879 0.00000000099999999883 0.00000000099999999883 0.00000000099999999883 
0.39087422612130234834 0.00360574157663140710 0.39406403212718699169 0.21145033330032533825 0.00000000099999999996 0.00000566587455385297 
0.25749892084534115044 0.00000000099999999942 0.74250107515465890717 0.00000000099999999942 0.00000000099999999942 0.00000000099999999942 
0.00000000099999999902 0.00000000099999999902 0.99999999500000003039 0.00000000099999999902 0.00000000099999999902 0.00000000099999999902 
0.00000000099999999957 0.00000000099999999957 0.00000000099999999957 0.00000000099999999957 0.99999999499999991937 0.00000000099999999957 
0.18362836597927911786 0.00000000099999999888 0.79878584194548885034 0.01758578907523193971 0.00000000099999999888 0.00000000099999999888 
0.32163514455748865029 0.04685311365411533313 0.40744964204516259665 0.22406209774323343487 0.00000000099999999985 0.00000000099999999985 
0.11409991879034366014 0.00372811974249886860 0.85387744141709109869 0.00000000099999999999 0.02829451805006632722 0.00000000099999999999 
0.00000000099999999989 0.03874883105832083174 0.66338761627243370000 0.29786354966924555310 0.00000000099999999989 0.00000000099999999989 
0.15347839575269445200 0.03129385462793492917 0.47659081986325607661 0.33863692775611453634 0.00000000099999999975 0.00000000099999999975 
0.63709740886555765726 0.02344440733284270176 0.14577743260738118547 0.18942132683567566853 0.00000000099999999992 0.00425942335854276061 
0.05695109598633344566 0.00000000099999999894 0.94304890001366648011 0.00000000099999999894 0.00000000099999999894 0.00000000099999999894 
0.21174995940484034329 0.00000000099999999962 0.67189615984142525562 0.11635387775373427777 0.00000000099999999962 0.00000000099999999962 
0.57564604496218163554 0.00000000099999999858 0.24469731072363690161 0.17965664131418140892 0.00000000099999999858 0.00000000099999999858 
0.00000000099999999963 0.00000000099999999963 0.00000000099999999963 0.00000000099999999963 0.99999999499999991937 0.00000000099999999963 
0.00000000099999999894 0.00000000099999999894 0.00000000099999999894 0.00000000099999999894 0.96499061286984888497 0.03500938313015109632 
0.00000000099999999988 0.00000000099999999988 0.73236357181903666280 0.22815029870552025471 0.03948612647544313264 0.00000000099999999988 
0.00000000099999999971 0.00000000099999999971 0.99999999499999991937 0.00000000099999999971 0.00000000099999999971 0.00000000099999999971 
0.53935308802984749388 0.02338967827051553414 0.17573126130820390656 0.26152597039143316016 0.00000000099999999993 0.00000000099999999993 
0.24145369398510130310 0.00000000099999999995 0.08063854654806867917 0.63635384857584109675 0.04155390889098885959 0.00000000099999999995 
0.00000000099999999935 0.99999999500000014141 0.00000000099999999935 0.00000000099999999935 0.00000000099999999935 0.00000000099999999935 
0.00000000099999999927 0.99999999500000014141 0.00000000099999999927 0.00000000099999999927 0.00000000099999999927 0.00000000099999999927 
0.12248969669392217874 0.00000000099999999926 0.69524016056625881355 0.18227013973981895378 0.00000000099999999926 0.00000000099999999926 
0.56017464014041673526 0.00000000099999999988 0.20421438379635775684 0.21265090693621183093 0.00000000099999999988 0.02296006712701371619 
0.63741903437350488915 0.00000000099999999988 0.14528674432018282014 0.20786523804491657819 0.00000000099999999988 0.00942898126139578643 
0.67723661631060716459 0.00000000099999999873 0.32276337968939272649 0.00000000099999999873 0.00000000099999999873 0.00000000099999999873 
0.01774514155035217602 0.00000000099999999989 0.56258291210553212913 0.41284508897298288765 0.00682685537113278396 0.00000000099999999989 
0.00000000099999999876 0.00000000099999999876 0.00000000099999999876 0.00000000099999999876 0.00000000099999999876 0.99999999500000003039 
0.77713902560264236374 0.00000000099999999977 0.00000000099999999977 0.22286097039735755510 0.00000000099999999977 0.00000000099999999977 
0.00000000099999999993 0.19680761168933486038 0.00000000099999999993 0.80319238431066519723 0.00000000099999999993 0.00000000099999999993 
0.50528314860680456633 0.00000001567904397279 0.31364097984196309676 0.02882001389675266714 0.15225584097543576334 0.00000000099999999997 
0.00000000099999999990 0.97211249474876160193 0.02788750125123840018 0.00000000099999999990 0.00000000099999999990 0.00000000099999999990 
0.00000000099999999996 0.19036242958222091004 0.00000000099999999996 0.71329819039405784054 0.09633937702372111223 0.00000000099999999996 
0.00000000099999999995 0.12014908921158064248 0.00000000099999999995 0.77817317593996970793 0.10167773184844967893 0.00000000099999999995 
0.00000000099999999899 0.01848193054942092253 0.00000000099999999899 0.00000000099999999899 0.98151806545057895814 0.00000000099999999899 
0.00000000099999999959 0.99999999500000003039 0.00000000099999999959 0.00000000099999999959 0.00000000099999999959 0.00000000099999999959 
0.00000000099999999943 0.00000000099999999943 0.00000000099999999943 0.00000000099999999943 0.99999999500000003039 0.00000000099999999943 
0.00000000099999999998 0.00000000099999999998 0.00000000099999999998 0.02909755992861393775 0.95505583229365098585 0.01584660477773514736 
0.00000000099999999993 0.00000000099999999993 0.00000000099999999993 0.01602530336444638048 0.98260113850884811537 0.00137355512670539687 
0.00000000099999999918 0.00000000099999999918 0.00000000099999999918 0.00000000099999999918 0.95245709207550732778 0.04754290392449278535 
0.00000000099999999822 0.00000000099999999822 0.00000000099999999822 0.00000000099999999822 0.99999999499999980834 0.00000000099999999822 
0.00000000099999999996 0.10366514743658908349 0.00000000099999999996 0.84567189532721009915 0.05066295423620079119 0.00000000099999999996 
0.00000000099999999995 0.00000000099999999995 0.00000000099999999995 0.00000000099999999995 0.94128388874119084395 0.05871610725880904019 
0.00000000099999999828 0.00000000099999999828 0.00000000099999999828 0.00000000099999999828 0.99999999499999991937 0.00000000099999999828 
0.00000000099999999842 0.99999999500000003039 0.00000000099999999842 0.00000000099999999842 0.00000000099999999842 0.00000000099999999842 
0.00000000099999999887 0.99736985914549769472 0.00000000099999999887 0.00000000099999999887 0.00263013685450228310 0.00000000099999999887 
0.00000000099999999989 0.93540253242762949615 0.00000000099999999989 0.06459746357237057535 0.00000000099999999989 0.00000000099999999989 
0.38027461942713208787 0.00000000099999999903 0.07511309434111503036 0.54461228323175281396 0.00000000099999999903 0.00000000099999999903 
0.00000000099999999878 0.95885535627020290761 0.00000000099999999878 0.00000000099999999878 0.04114463972979715001 0.00000000099999999878 
0.00000000099999999918 0.97983566359689411307 0.00000000099999999918 0.00000000099999999918 0.02016433240310584740 0.00000000099999999918 
0.00000000099999999967 0.99999999500000003039 0.00000000099999999967 0.00000000099999999967 0.00000000099999999967 0.00000000099999999967 
0.00000000099999999962 0.99999999500000014141 0.00000000099999999962 0.00000000099999999962 0.00000000099999999962 0.00000000099999999962 
0.00000000099999999890 0.00000000099999999890 0.00000000099999999890 0.00000000099999999890 0.99999999499999991937 0.00000000099999999890 
0.00000000099999999871 0.99999999499999991937 0.00000000099999999871 0.00000000099999999871 0.00000000099999999871 0.00000000099999999871 
0.00000000099999999871 0.00000000099999999871 0.00000000099999999871 0.00000000099999999871 0.99999999499999980834 0.00000000099999999871 
0.00000000099999999840 0.00000000099999999840 0.00000000099999999840 0.00000000099999999840 0.99999999499999991937 0.00000000099999999840 
0.00000000099999999871 0.00000000099999999871 0.00000000099999999871 0.00000000099999999871 0.99999999499999980834 0.00000000099999999871 
0.00000000099999999839 0.00000000099999999839 0.00000000099999999839 0.00000000099999999839 0.99999999499999980834 0.00000000099999999839 
0.00000000099999999880 0.00000000099999999880 0.00000000099999999880 0.00000000099999999880 0.99999999499999991937 0.00000000099999999880 
0.45757105598843150762 0.00000000099999999868 0.54242894001156838346 0.00000000099999999868 0.00000000099999999868 0.00000000099999999868 
0.13555413806192107007 0.00000000099999999857 0.30616464020181610728 0.55828121873626268545 0.00000000099999999857 0.00000000099999999857 
0.14653469629362239623 0.00000000099999999845 0.85346529970637752260 0.00000000099999999845 0.00000000099999999845 0.00000000099999999845 
0.00000000099999999948 0.00000000099999999948 0.99999993336147385836 0.00000006263852605668 0.00000000099999999948 0.00000000099999999948 
0.12982412710887680785 0.00000000099999999988 0.24828151926523533977 0.62189434046413438750 0.00000001116175338820 0.00000000099999999988 
0.00000000099999999866 0.00000000099999999866 0.00000000099999999866 0.99999999499999980834 0.00000000099999999866 0.00000000099999999866 
0.30741454286655128803 0.00000000099999999941 0.69258545313344876959 0.00000000099999999941 0.00000000099999999941 0.00000000099999999941 
0.46615243980147219593 0.00000000099999999879 0.00000065535797740208 0.53384690184055028084 0.00000000099999999879 0.00000000099999999879 
0.19665908280943683595 0.00602776570458145484 0.28104647937763482801 0.51626667010834703664 0.00000000099999999989 0.00000000099999999989 
0.31176585686681002052 0.00144278522986600430 0.08474839779092382952 0.58904379782360782869 0.01299916128879223705 0.00000000099999999998 
0.00000000099999999882 0.00000000099999999882 0.65556450959849854598 0.34443548640150128959 0.00000000099999999882 0.00000000099999999882 
0.00000000099999999897 0.00000000099999999897 0.82208627732796613063 0.17791371867203373269 0.00000000099999999897 0.00000000099999999897 
0.00000000099999999851 0.00000000099999999851 0.00000000099999999851 0.00000000099999999851 0.00000000099999999851 0.99999999499999991937 
0.00000000099999999839 0.99999999499999991937 0.00000000099999999839 0.00000000099999999839 0.00000000099999999839 0.00000000099999999839 
0.00000000099999999851 0.00000000099999999851 0.00000000099999999851 0.00000000099999999851 0.00000000099999999851 0.99999999499999991937 
0.00000000099999999852 0.00000000099999999852 0.00000000099999999852 0.00000000099999999852 0.00000000099999999852 0.99999999499999991937 
0.00000000099999999883 0.00000000099999999883 0.00000000099999999883 0.00000000099999999883 0.00000000099999999883 0.99999999499999991937 
0.00000000099999999860 0.99999999500000003039 0.00000000099999999860 0.00000000099999999860 0.00000000099999999860 0.00000000099999999860 
0.00000000099999999880 0.00000000099999999880 0.00000000099999999880 0.00000000099999999880 0.00000000099999999880 0.99999999500000003039 
0.00000000099999999834 0.00000000099999999834 0.00000000099999999834 0.00000000099999999834 0.00000000099999999834 0.99999999499999991937 
0.00000000099999999870 0.99999999499999991937 0.00000000099999999870 0.00000000099999999870 0.00000000099999999870 0.00000000099999999870 
0.00000000099999999852 0.00000000099999999852 0.00000000099999999852 0.00000000099999999852 0.00000000099999999852 0.99999999500000003039 
0.00000000099999999848 0.99999999500000003039 0.00000000099999999848 0.00000000099999999848 0.00000000099999999848 0.00000000099999999848 
0.00000000099999999859 0.00000000099999999859 0.00000000099999999859 0.00000000099999999859 0.00000000099999999859 0.99999999499999991937 
0.61639825568561257274 0.00000000099999999870 0.00000000099999999870 0.38360174031438731834 0.00000000099999999870 0.00000000099999999870 
0.56316775944867314418 0.00000000099999999883 0.43683223655132685792 0.00000000099999999883 0.00000000099999999883 0.00000000099999999883 
0.86002341036874307978 0.00000000099999999883 0.13997658563125686682 0.00000000099999999883 0.00000000099999999883 0.00000000099999999883 
0.24046169246477924752 0.00000000099999999903 0.43859160890346088335 0.32094669563175998173 0.00000000099999999903 0.00000000099999999903 
0.27030642806806859380 0.00000000099999999848 0.60045143897414243739 0.12924212995778880386 0.00000000099999999848 0.00000000099999999848 
0.99999989477707784680 0.00000000099999999864 0.00000000099999999864 0.00000010122292205972 0.00000000099999999864 0.00000000099999999864 
0.82482539413551014817 0.00000000099999999919 0.00000000099999999919 0.17517460186448985393 0.00000000099999999919 0.00000000099999999919 
0.00000000099999999826 0.00000000099999999826 0.00000000099999999826 0.00000000099999999826 0.99999999499999991937 0.00000000099999999826 
0.00000000099999999923 0.00000000099999999923 0.00000000099999999923 0.00000000099999999923 0.98013308424674860930 0.01986691175325137546 
0.00000000099999999918 0.99970759666650521602 0.00000000099999999918 0.00000000099999999918 0.00029239933349472217 0.00000000099999999918 
0.00000000099999999927 0.99999999500000003039 0.00000000099999999927 0.00000000099999999927 0.00000000099999999927 0.00000000099999999927 
0.00000000099999999870 0.99999999499999991937 0.00000000099999999870 0.00000000099999999870 0.00000000099999999870 0.00000000099999999870 
0.17586532400324655923 0.00000000099999999936 0.54250965641829285158 0.28162501657846050751 0.00000000099999999936 0.00000000099999999936 
0.00000000099999999859 0.99999999499999991937 0.00000000099999999859 0.00000000099999999859 0.00000000099999999859 0.00000000099999999859 
0.00000000099999999852 0.99999999500000003039 0.00000000099999999852 0.00000000099999999852 0.00000000099999999852 0.00000000099999999852 
0.00000000099999999867 0.99999999499999991937 0.00000000099999999867 0.00000000099999999867 0.00000000099999999867 0.00000000099999999867 
0.62041891798229498178 0.00000000099999999864 0.23532248237078734476 0.14425859664691745299 0.00000000099999999864 0.00000000099999999864 
0.17232245166504950307 0.00000000099999999858 0.42467952385281482197 0.40299802148213553776 0.00000000099999999858 0.00000000099999999858 
0.00084766282907690815 0.00000000099999999851 0.64021409666098128000 0.35893823750994169330 0.00000000099999999851 0.00000000099999999851 
0.00000000099999999881 0.00000000099999999881 0.00000000099999999881 0.99999999499999991937 0.00000000099999999881 0.00000000099999999881 
0.00000000099999999916 0.00000000099999999916 0.00000000099999999916 0.00000000099999999916 0.99999999500000003039 0.00000000099999999916 
0.57629809474527371460 0.00000000099999999988 0.18457929428304978292 0.23659144406507157110 0.00253116490660497927 0.00000000099999999988 
0.00000000099999999996 0.00000000099999999996 0.00000000099999999996 0.01474703931847873468 0.95776577869187218273 0.02748717898964897141 
0.33155194277313010387 0.00000000099999999898 0.38719592168848310232 0.28125213253838649008 0.00000000099999999898 0.00000000099999999898 
0.00000000099999999850 0.00000000099999999850 0.00000000099999999850 0.00000000099999999850 0.99999999499999980834 0.00000000099999999850 
0.00000000099999999946 0.99999999500000003039 0.00000000099999999946 0.00000000099999999946 0.00000000099999999946 0.00000000099999999946 
0.00000000099999999866 0.00000000099999999866 0.99718522635778295005 0.00281476964221687859 0.00000000099999999866 0.00000000099999999866 
0.00000000099999999829 0.00000000099999999829 0.00000000099999999829 0.00000000099999999829 0.00000000099999999829 0.99999999499999991937 
0.00000000099999999864 0.00000000099999999864 0.00000000099999999864 0.00000000099999999864 0.00000000099999999864 0.99999999499999991937 
0.00000000099999999899 0.00582667907222664781 0.00000000099999999899 0.00000000099999999899 0.99417331692777322072 0.00000000099999999899 
0.00000000099999999874 0.00000000786583419458 0.00000000099999999874 0.00000000099999999874 0.99999998813416579591 0.00000000099999999874 
0.00000000099999999897 0.99999999499999991937 0.00000000099999999897 0.00000000099999999897 0.00000000099999999897 0.00000000099999999897 
0.00000000099999999851 0.99999999499999991937 0.00000000099999999851 0.00000000099999999851 0.00000000099999999851 0.00000000099999999851 
0.00000000099999999878 0.99999999499999991937 0.00000000099999999878 0.00000000099999999878 0.00000000099999999878 0.00000000099999999878 
0.00000000099999999867 0.99999999499999991937 0.00000000099999999867 0.00000000099999999867 0.00000000099999999867 0.00000000099999999867 
0.00000000099999999862 0.99999999500000003039 0.00000000099999999862 0.00000000099999999862 0.00000000099999999862 0.00000000099999999862 
0.00000000099999999859 0.96138895460521878178 0.00000000099999999859 0.00000000099999999859 0.01845511464893113962 0.02015592774585028488 
0.00000000099999999864 0.00000000099999999864 0.00000000099999999864 0.00000000099999999864 0.99999999499999991937 0.00000000099999999864 
0.00000000099999999866 0.97320072733767792883 0.00000000099999999866 0.00000000099999999866 0.00000000099999999866 0.02679926866232211838 
0.49231130908784620503 0.00000000099999999854 0.27712691079225271196 0.23056177711990097356 0.00000000099999999854 0.00000000099999999854 
0.47201030612801792019 0.00000000099999999857 0.22730688169397014753 0.30068280917801182284 0.00000000099999999857 0.00000000099999999857 
0.55211772320892560373 0.00000000099999999882 0.24982556192792818028 0.19805671186314602328 0.00000000099999999882 0.00000000099999999882 
0.14347354895493849569 0.00000000099999999913 0.44432678114760765231 0.41219966689745379806 0.00000000099999999913 0.00000000099999999913 
0.63221656447560781178 0.00000000099999999931 0.00000000099999999931 0.36778343152439241237 0.00000000099999999931 0.00000000099999999931 
0.49239143358607168066 0.00000000099999999908 0.09473059524446186819 0.41287796816946642497 0.00000000099999999908 0.00000000099999999908 
0.99999999499999991937 0.00000000099999999897 0.00000000099999999897 0.00000000099999999897 0.00000000099999999897 0.00000000099999999897 
0.47594215447561288856 0.00000000099999999874 0.00000000099999999874 0.52405784152438694701 0.00000000099999999874 0.00000000099999999874 
0.31667350432561575113 0.00000000099999999999 0.16307512292952455746 0.43881942219325642540 0.06489274869584706062 0.01653920085575615387 
0.08859508767532406348 0.00000000099999999879 0.91140490832467579985 0.00000000099999999879 0.00000000099999999879 0.00000000099999999879 
0.00000000099999999994 0.75104252574531871200 0.18376704231626078689 0.06519042893842061370 0.00000000099999999994 0.00000000099999999994 
