0.00000000099999999892 0.00000000099999999892 0.00000000099999999892 0.00000000099999999892 0.99999999600000000211 
0.00000000099999999894 0.00000000099999999894 0.00000000099999999894 0.00000000099999999894 0.99999999600000000211 
0.02217543034052770617 0.00000000099999999894 0.00000000099999999894 0.00000000099999999894 0.97782456665947237173 
0.00000000099999999911 0.00000000099999999911 0.00000000099999999911 0.00000000099999999911 0.99999999600000000211 
0.00000000099999999850 0.00000000099999999850 0.00000000099999999850 0.00000000099999999850 0.99999999600000000211 
0.00000000099999999921 0.00000000099999999921 0.76312717489521353365 0.23687282210478641242 0.00000000099999999921 
0.00000000099999999963 0.00000000099999999963 0.00000000099999999963 0.99999999600000000211 0.00000000099999999963 
0.00000000099999999949 0.00000000099999999949 0.43432236860522499544 0.56567762839477486736 0.00000000099999999949 
0.00000000099999999941 0.02164078259822857161 0.38773255678521106882 0.59062665861656027388 0.00000000099999999941 
0.00000000099999999915 0.00000000099999999915 0.66547980660016325949 0.33452019039983671433 0.00000000099999999915 
0.00000000099999999930 0.00000000099999999930 0.99999999599999989108 0.00000000099999999930 0.00000000099999999930 
0.00000000099999999990 0.00000000099999999990 0.05467343885743259496 0.00000000099999999990 0.94532655814256749682 
0.99999999600000000211 0.00000000099999999875 0.00000000099999999875 0.00000000099999999875 0.00000000099999999875 
0.00000000099999999929 0.00000000099999999929 0.42481128775182358526 0.57518870924817633306 0.00000000099999999929 
0.98510542513197452141 0.00000000099999999989 0.01489457186802552527 0.00000000099999999989 0.00000000099999999989 
0.00000000099999999892 0.00000000099999999892 0.00000000099999999892 0.00000000099999999892 0.99999999600000000211 
0.00000000099999999902 0.00000000099999999902 0.65264781786248993178 0.34735217913750987551 0.00000000099999999902 
0.00000000099999999926 0.00000000099999999926 0.36683479724737527716 0.63316519975262475217 0.00000000099999999926 
0.00000000099999999955 0.00757564646595935021 0.31462354292875127637 0.67780080860528924003 0.00000000099999999955 
0.99999999600000000211 0.00000000099999999916 0.00000000099999999916 0.00000000099999999916 0.00000000099999999916 
0.99104690662770700271 0.00895309037229309428 0.00000000099999999978 0.00000000099999999978 0.00000000099999999978 
0.00000000099999999887 0.00000000099999999887 0.36403238858632069874 0.63596760841367916406 0.00000000099999999887 
0.00000000099999999906 0.00000000099999999906 0.51158463234970219524 0.48841536465029777858 0.00000000099999999906 
0.00000000099999999979 0.00000000099999999979 0.99999999599999989108 0.00000000099999999979 0.00000000099999999979 
0.99999999600000000211 0.00000000099999999899 0.00000000099999999899 0.00000000099999999899 0.00000000099999999899 
0.00000000099999999978 0.00000000099999999978 0.65303511239979239456 0.34696488460020746825 0.00000000099999999978 
0.00000000099999999923 0.00000000099999999923 0.83873095089473037600 0.16126904610526940353 0.00000000099999999923 
0.00000000099999999865 0.00000000099999999865 0.00000000099999999865 0.00000000099999999865 0.99999999599999989108 
0.00000000099999999952 0.00000000099999999952 0.00000000099999999952 0.00000000099999999952 0.99999999599999989108 
0.00000000099999999933 0.00000000099999999933 0.39804367276780616702 0.60195632423219369578 0.00000000099999999933 
0.00000000099999999906 0.00000000099999999906 0.00000000099999999906 0.00000000099999999906 0.99999999599999989108 
0.00000000099999999996 0.01057795087450646640 0.06489040639460881554 0.00000000099999999996 0.92453164073088467401 
0.00000000099999999966 0.00000000099999999966 0.00000000099999999966 0.00000000099999999966 0.99999999599999989108 
0.00000000099999999887 0.00000000099999999887 0.23550564625302983224 0.76449435074697014159 0.00000000099999999887 
0.00000000099999999901 0.00000000099999999901 0.00000034616612415322 0.99999965083387576392 0.00000000099999999901 
0.00000000099999999990 0.07730118796819553106 0.22537352560383708266 0.69732528442796726242 0.00000000099999999990 
0.00000000099999999926 0.00000000099999999926 0.81251956222499444049 0.18748043477500556109 0.00000000099999999926 
0.00000000099999999897 0.00000000099999999897 0.55150309527916308028 0.44849690172083661599 0.00000000099999999897 
0.00000000099999999981 0.00000000099999999981 0.99999999599999989108 0.00000000099999999981 0.00000000099999999981 
0.00000000099999999979 0.00000000099999999979 0.99999999600000000211 0.00000000099999999979 0.00000000099999999979 
0.00000000099999999940 0.03264126236951028076 0.78273815657010659130 0.18462057906038295552 0.00000000099999999940 
0.00000000099999999923 0.00000000099999999923 0.83214474093996027015 0.16785525606003970367 0.00000000099999999923 
0.00000000099999999932 0.00000000099999999932 0.00000000099999999932 0.00000000099999999932 0.99999999600000000211 
0.00000000099999999918 0.00000000099999999918 0.00000000099999999918 0.00000000099999999918 0.99999999600000000211 
0.00000000099999999919 0.00000000099999999919 0.50588363329754237885 0.49411636370245737293 0.00000000099999999919 
0.00000000099999999874 0.00000000099999999874 0.00000000099999999874 0.00000000099999999874 0.99999999600000000211 
0.03518888157258385357 0.00000000099999999987 0.00000000099999999987 0.00000000099999999987 0.96481111542741615494 
0.95585528552986886996 0.04414471147013106916 0.00000000099999999990 0.00000000099999999990 0.00000000099999999990 
0.00000000099999999913 0.00000000099999999913 0.99999999599999989108 0.00000000099999999913 0.00000000099999999913 
0.04534358897647219194 0.00000000099999999944 0.00000000099999999944 0.00000000099999999944 0.95465640802352791372 
0.00000000099999999976 0.00000000099999999976 0.34824962634801986949 0.65175037065197993780 0.00000000099999999976 
0.00000000099999999973 0.03606831081453005378 0.68256690038442136004 0.28136478680104859418 0.00000000099999999973 
0.00000000099999999990 0.00000000099999999990 0.01716110981956695328 0.00000000099999999990 0.98283888718043299626 
0.03470539951000806145 0.02228942723753339974 0.00000000099999999993 0.00000000099999999993 0.94300517125245841843 
0.00000000099999999912 0.00000000099999999912 0.44452185556710493985 0.55547814143289497846 0.00000000099999999912 
0.02862212126583890681 0.01811119912257961109 0.76207227223986695464 0.19119440637171450370 0.00000000099999999998 
0.00000000099999999999 0.11436554334695407664 0.41454783140775486316 0.44940003014133667048 0.02168659410395432086 
0.00000000099999999920 0.00000000099999999920 0.36602553588190261946 0.63397446111809740987 0.00000000099999999920 
0.00763059783939164845 0.00000000099999999992 0.00000000099999999992 0.01657422373984223513 0.97579517642076618600 
0.00000000099999999998 0.00400552488888009876 0.30693610542954052889 0.65885675286037637122 0.03020161582120306498 
0.00000000099999999993 0.00387319494586991098 0.02579605418008842910 0.00000000099999999993 0.97033074887404158204 
0.01910432632665876387 0.00000000099999999919 0.00000000099999999919 0.00000000099999999919 0.98089567067334126893 
0.00000000099999999946 0.00000000099999999946 0.22729677807241094323 0.77270321892758897508 0.00000000099999999946 
0.99999999600000011313 0.00000000099999999914 0.00000000099999999914 0.00000000099999999914 0.00000000099999999914 
0.00000000099999999937 0.00000000099999999937 0.00000651892983894053 0.99999347807016092382 0.00000000099999999937 
0.00000000099999999886 0.00000000099999999886 0.99999999599999978006 0.00000000099999999886 0.00000000099999999886 
0.00000000099999999913 0.00000000099999999913 0.99999999600000000211 0.00000000099999999913 0.00000000099999999913 
0.00000000099999999948 0.00000000099999999948 0.99999659448218980451 0.00000340251781001044 0.00000000099999999948 
0.00000000099999999900 0.00000000099999999900 0.00000000099999999900 0.00000000099999999900 0.99999999599999989108 
0.00000000099999999893 0.00000000099999999893 0.36724920509789921175 0.63275079190210059554 0.00000000099999999893 
0.00000000099999999926 0.00000000099999999926 0.24043741966881926331 0.75956257733118082154 0.00000000099999999926 
0.99999999600000011313 0.00000000099999999905 0.00000000099999999905 0.00000000099999999905 0.00000000099999999905 
0.99999999599999989108 0.00000000099999999863 0.00000000099999999863 0.00000000099999999863 0.00000000099999999863 
0.00000000099999999912 0.00000000099999999912 0.99999999599999989108 0.00000000099999999912 0.00000000099999999912 
0.00000000099999999884 0.00000000099999999884 0.99896108591484178429 0.00103891108515808002 0.00000000099999999884 
0.00000000099999999997 0.00000000099999999997 0.62311171152507349724 0.37363409781087880690 0.00325418866404763706 
0.00000000099999999946 0.00000000099999999946 0.35449958903813344469 0.64550040796186658465 0.00000000099999999946 
0.00000000099999999998 0.10558396004692885417 0.54264811603013096697 0.33155183259173387489 0.02021609033120641552 
0.00000802016351112244 0.00000000099999999990 0.89153320007333691777 0.10570630675846268143 0.00275247200468940701 
0.00000000099999999943 0.00000000099999999943 0.00000000099999999943 0.99999999599999989108 0.00000000099999999943 
0.00000000099999999946 0.00000000099999999946 0.82072527297422381842 0.17927472402577618316 0.00000000099999999946 
0.00000000099999999903 0.00000000099999999903 0.34911700602783268810 0.65088299097216728573 0.00000000099999999903 
0.00000000099999999904 0.00000000099999999904 0.99999999599999989108 0.00000000099999999904 0.00000000099999999904 
0.00000000099999999947 0.00000000099999999947 0.91071233949962582255 0.08928765750037406801 0.00000000099999999947 
0.00129567991170063631 0.00000000099999999997 0.78682933145668654262 0.20841379924280806213 0.00346118838880472022 
0.00000000099999999980 0.07069018924909724333 0.87738646265583952744 0.05192334609506316090 0.00000000099999999980 
0.99999999600000011313 0.00000000099999999912 0.00000000099999999912 0.00000000099999999912 0.00000000099999999912 
0.00000000099999999898 0.00000000099999999898 0.14021050028338619131 0.85978949671661375476 0.00000000099999999898 
0.00000000099999999895 0.00000000099999999895 0.99999999599999978006 0.00000000099999999895 0.00000000099999999895 
0.00000000099999999911 0.00000000099999999911 0.00000000099999999911 0.00000000099999999911 0.99999999600000000211 
0.00000000099999999982 0.01103326074903382588 0.62183909898335554267 0.36712763826761063424 0.00000000099999999982 
0.00000000099999999908 0.00000000099999999908 0.00000000099999999908 0.99999999600000000211 0.00000000099999999908 
0.00000000099999999920 0.00000000099999999920 0.27560327127339617759 0.72439672572660385175 0.00000000099999999920 
0.00000000099999999983 0.00920804209876219422 0.00000000099999999983 0.99079195490123783685 0.00000000099999999983 
0.00000000099999999942 0.00527241485536045652 0.71613818679422291957 0.27858939635041657379 0.00000000099999999942 
0.99999999600000000211 0.00000000099999999918 0.00000000099999999918 0.00000000099999999918 0.00000000099999999918 
0.00000000099999999947 0.01957625341230058783 0.79489056458743467815 0.18553318000026461365 0.00000000099999999947 
0.02838411224291375115 0.00000006037988839697 0.00749615116023973505 0.00000390490259519403 0.96411577131436299037 
0.00000000099999999889 0.00000000099999999889 0.00000000099999999889 0.00000000099999999889 0.99999999599999989108 
0.01328857733173643280 0.04721432883930282154 0.00000000099999999985 0.00000000099999999985 0.93949709182896068427 
0.00000000099999999898 0.00000000099999999898 0.00000041314645227270 0.99999958385354770218 0.00000000099999999898 
0.00000000099999999920 0.00000000099999999920 0.99999999600000000211 0.00000000099999999920 0.00000000099999999920 
0.00000000099999999888 0.00000000099999999888 0.99999999599999989108 0.00000000099999999888 0.00000000099999999888 
0.00000000099999999996 0.10955651206210692550 0.43915931589778306465 0.40768378163280111215 0.04360038940730890517 
0.08570409553100535871 0.04477643863019535597 0.17865606421495650036 0.69086340062384288263 0.00000000099999999998 
0.00635139778939703727 0.00000000099999999994 0.13510441989867250090 0.85754066860013300477 0.00100351271179738733 
0.00000000099999999951 0.00000000099999999951 0.32447968003961497052 0.67552031696038494779 0.00000000099999999951 
0.00000000099999999977 0.00000000099999999977 0.99999999599999989108 0.00000000099999999977 0.00000000099999999977 
0.00000000099999999925 0.01846089848201534073 0.98153909851798470942 0.00000000099999999925 0.00000000099999999925 
0.00000000099999999928 0.00000000099999999928 0.45798468381245643899 0.54201531318754347932 0.00000000099999999928 
0.00498051541004022880 0.08641846479666619174 0.47411247261534300579 0.43085367904585109011 0.00363486813209948660 
0.00000000099999999955 0.02320738537586647735 0.43990721516483316522 0.53688539745930030644 0.00000000099999999955 
0.00000000099999999970 0.04598367437681492864 0.16935976310381078980 0.78465656051937415771 0.00000000099999999970 
0.00000000099999999940 0.00974511937931384249 0.60200237025705338745 0.38825250836363278673 0.00000000099999999940 
0.00000000099999999870 0.00000000099999999870 0.00000000099999999870 0.00000000099999999870 0.99999999600000000211 
0.00000000099999999959 0.05221124886421500688 0.92941206691716404809 0.01837668221862092180 0.00000000099999999959 
0.00000000099999999967 0.00000000099999999967 0.60589852101796137784 0.39410147598203837394 0.00000000099999999967 
0.00960146552047825771 0.00000000099999999997 0.41633196390080806637 0.55354450271396216099 0.02052206686475135239 
0.00000000099999999943 0.02699118877509612893 0.34402015606324171104 0.62898865316166208128 0.00000000099999999943 
0.00000000099999999960 0.00000000099999999960 0.15602884973822328529 0.84397114726177679955 0.00000000099999999960 
0.00000000099999999944 0.00000000099999999944 0.68549586316133170882 0.31450413383866815398 0.00000000099999999944 
0.00000000099999999917 0.00000000099999999917 0.21885713931030237323 0.78114285768969760060 0.00000000099999999917 
0.00000000099999999998 0.04427185887281265275 0.66188990404586767191 0.21568075865226879473 0.07815747742905081175 
0.00000000099999999995 0.00000000099999999995 0.41334382309689815527 0.57272907856342036848 0.01392709633968148772 
0.00000000099999999946 0.00000000099999999946 0.76119226248683657943 0.23880773451316331113 0.00000000099999999946 
0.00000000099999999989 0.01043841662586762059 0.68410452837906721157 0.30545705299506514807 0.00000000099999999989 
0.00000000099999999923 0.00000000099999999923 0.00000000099999999923 0.99999999600000000211 0.00000000099999999923 
0.00000000099999999984 0.07270682544839113248 0.92729317155160895236 0.00000000099999999984 0.00000000099999999984 
0.00350744929517280042 0.01809762393543856707 0.61999408761755114838 0.32561975763527511996 0.03278108151656247693 
0.00000000099999999989 0.00000000099999999989 0.00000000099999999989 0.95903053954871675391 0.04096945745128317828 
0.00000000099999999947 0.00000000099999999947 0.85002076986564978345 0.14997922713435007935 0.00000000099999999947 
0.00000000099999999911 0.00000000099999999911 0.99999999599999989108 0.00000000099999999911 0.00000000099999999911 
0.00000000099999999901 0.00000000099999999901 0.60607823772610314172 0.39392175927389672108 0.00000000099999999901 
0.00000000099999999913 0.00000000099999999913 0.31415153831876163615 0.68584845868123822665 0.00000000099999999913 
0.00000000099999999996 0.00000000099999999996 0.59711623905247723787 0.39599210501773285387 0.00689165392978973064 
0.00000000099999999966 0.01299892769832507351 0.98700106930167486041 0.00000000099999999966 0.00000000099999999966 
0.99999999600000000211 0.00000000099999999882 0.00000000099999999882 0.00000000099999999882 0.00000000099999999882 
0.01972447777738663838 0.00000000099999999932 0.00000000099999999932 0.00000000099999999932 0.98027551922261324524 
0.97603815954376316189 0.00000000099999999922 0.00000000099999999922 0.00000000099999999922 0.02396183745623687439 
0.00000000099999999853 0.00000000099999999853 0.00000000099999999853 0.00000000099999999853 0.99999999600000000211 
0.00156565545291369136 0.00000000099999999937 0.00000000099999999937 0.00000000099999999937 0.99843434154708632366 
0.00000000099999999903 0.00000000099999999903 0.00000000099999999903 0.00000000099999999903 0.99999999600000000211 
0.97701300996977558100 0.00000000099999999903 0.00000000099999999903 0.00000000099999999903 0.02298698703022461140 
0.00000000099999999922 0.00000000099999999922 0.00000000099999999922 0.00000000099999999922 0.99999999599999989108 
0.00000000099999999888 0.00000000099999999888 0.23054043285908856764 0.76945956414091121189 0.00000000099999999888 
0.99999999599999989108 0.00000000099999999896 0.00000000099999999896 0.00000000099999999896 0.00000000099999999896 
0.00000000099999999893 0.00000000099999999893 0.99999999599999978006 0.00000000099999999893 0.00000000099999999893 
0.00000000099999999892 0.00000000099999999892 0.25375124940322058009 0.74624874759677928271 0.00000000099999999892 
0.00000000099999999911 0.00000000099999999911 0.57307760464874901718 0.42692239235125090113 0.00000000099999999911 
0.00000000099999999883 0.00000000099999999883 0.45713205721442018437 0.54286793978557978946 0.00000000099999999883 
0.00000000099999999925 0.00000000099999999925 0.00000000099999999925 0.99999999600000000211 0.00000000099999999925 
0.00000000099999999879 0.00000000099999999879 0.17573090700421273302 0.82426908999578729631 0.00000000099999999879 
0.00000000099999999934 0.00209620416569819600 0.81397167256718971906 0.18393212126711211418 0.00000000099999999934 
0.00000000099999999887 0.00000000099999999887 0.00000000099999999887 0.99999999599999989108 0.00000000099999999887 
0.00000000099999999925 0.00000000099999999925 0.67565872163403484230 0.32434127536596502051 0.00000000099999999925 
0.00000000099999999994 0.00000000099999999994 0.63447463506857315618 0.36140383074656001750 0.00412153218486673804 
0.00000000099999999968 0.00000000099999999968 0.39222634248765048115 0.60777365451234954818 0.00000000099999999968 
0.00000000099999999931 0.00000000099999999931 0.99999999599999989108 0.00000000099999999931 0.00000000099999999931 
0.99999999600000000211 0.00000000099999999953 0.00000000099999999953 0.00000000099999999953 0.00000000099999999953 
0.00000000099999999925 0.00000000099999999925 0.73067137087832156883 0.26932862612167823846 0.00000000099999999925 
0.00000000099999999993 0.00000000099999999993 0.70119698271434083292 0.25114267353402747185 0.04766034175163177955 
0.01717061736985882325 0.03644109135502440755 0.93736360164695409214 0.00000000100000000000 0.00902468862816280422 
0.00000000099999999993 0.08532684484503055833 0.80744328752916494363 0.08692147498780138093 0.02030839163800302397 
0.00000000099999999987 0.01223876376885836212 0.95616719558460694373 0.00000000099999999987 0.03159403864653481664 
0.00000000099999999992 0.02331579200414521033 0.56812770627410003055 0.38728819196607860986 0.02126830875567605958 
0.00000000099999999925 0.00000000099999999925 0.83501576457695292355 0.16498423242304707803 0.00000000099999999925 
0.00000000099999999984 0.00000000099999999984 0.75502100920270376339 0.24308447851827186259 0.00189451027902431219 
0.00000000099999999889 0.00000000099999999889 0.69496935780433355401 0.30503063919566625328 0.00000000099999999889 
0.99999999600000011313 0.00000000099999999973 0.00000000099999999973 0.00000000099999999973 0.00000000099999999973 
0.99999722261687862268 0.00000000099999999924 0.00000000099999999924 0.00000000099999999924 0.00000277438312141485 
0.03085681953384396270 0.04818509944194811906 0.73942511034444102780 0.18153296967976684240 0.00000000099999999995 
0.00000000099999999988 0.00000000099999999988 0.99872367539473705378 0.00000000099999999988 0.00127632160526289619 
0.00000000099999999986 0.11256938741137914595 0.00000122531231876878 0.88742938527630199630 0.00000000099999999986 
0.01752098250461314038 0.07662716353204365727 0.61031885268020402702 0.28854669221091738818 0.00698630907222172991 
0.00000000099999999964 0.00000000099999999964 0.00000000099999999964 0.00000000099999999964 0.99999999600000000211 
0.00000000099999999941 0.00000000099999999941 0.00000000099999999941 0.00000000099999999941 0.99999999599999989108 
0.00000000099999999964 0.00843469370942426418 0.81712666218439145016 0.17443864210618428845 0.00000000099999999964 
0.00000000099999999992 0.00000000099999999992 0.50844264640051739512 0.46830794202921804947 0.02324940957026463972 
0.00000000099999999993 0.00000000099999999993 0.52691942396974422724 0.46512688838571542016 0.00795368564454026865 
0.00000000099999999912 0.01790058473959493107 0.36128794578061584897 0.62081146747978910305 0.00000000099999999912 
0.00705269233971400275 0.01548313089007746605 0.97746416041085804061 0.00000001535935048388 0.00000000099999999993 
0.05843288176376375959 0.00000000100000000000 0.01801743313011600761 0.00000000100000000000 0.92354968310612040039 
0.00000000099999999966 0.00000000099999999966 0.00000000099999999966 0.99999999599999989108 0.00000000099999999966 
0.00000000099999999945 0.99999999600000000211 0.00000000099999999945 0.00000000099999999945 0.00000000099999999945 
0.15163878982130876705 0.00000000099999999997 0.34512885994402470180 0.50323234823466644894 0.00000000099999999997 
0.00000000099999999989 0.00000000099999999989 0.00000000099999999989 0.02764996283378093681 0.97235003416621912375 
0.00000000099999999976 0.99999999600000000211 0.00000000099999999976 0.00000000099999999976 0.00000000099999999976 
0.00000000099999999951 0.99999999600000000211 0.00000000099999999951 0.00000000099999999951 0.00000000099999999951 
0.98326818268971638570 0.00000000099999999913 0.00000000099999999913 0.00000000099999999913 0.01673181431028374772 
0.00000000099999999988 0.00000000099999999988 0.00000000099999999988 0.00000000099999999988 0.99999999599999989108 
0.99999999600000011313 0.00000000099999999954 0.00000000099999999954 0.00000000099999999954 0.00000000099999999954 
0.95312284968897764692 0.04687714731102233384 0.00000000099999999981 0.00000000099999999981 0.00000000099999999981 
0.97877090972122215984 0.02122908727877791460 0.00000000099999999986 0.00000000099999999986 0.00000000099999999986 
0.98680184852819086139 0.00000000099999999941 0.00000000099999999941 0.00000000099999999941 0.01319814847180925468 
0.99999999600000000211 0.00000000099999999841 0.00000000099999999841 0.00000000099999999841 0.00000000099999999841 
0.00000000099999999941 0.99999999600000011313 0.00000000099999999941 0.00000000099999999941 0.00000000099999999941 
0.93761645811315996735 0.01071179523918097676 0.00000000099999999987 0.00000000099999999987 0.05167174464765912634 
0.99999999599999989108 0.00000000099999999845 0.00000000099999999845 0.00000000099999999845 0.00000000099999999845 
0.00000000099999999860 0.00000000099999999860 0.00000000099999999860 0.00000000099999999860 0.99999999600000000211 
0.01340015900878093608 0.00000000099999999913 0.00000000099999999913 0.00000000099999999913 0.98659983799121897530 
0.00000000099999999993 0.00000000099999999993 0.06289107896058568348 0.00000000099999999993 0.93710891803941442912 
0.00000000099999999923 0.00000000099999999923 0.89212170994764761200 0.10787828705235237570 0.00000000099999999923 
0.04200233823609626077 0.00000000099999999898 0.00000000099999999898 0.00000000099999999898 0.95799765876390385877 
0.02059471868589191415 0.00000000099999999932 0.00000000099999999932 0.00000000099999999932 0.97940527831410817416 
0.00000000099999999986 0.00000000099999999986 0.00000000099999999986 0.00000000099999999986 0.99999999599999989108 
0.00000000099999999982 0.00000000099999999982 0.00000000099999999982 0.00000000099999999982 0.99999999600000000211 
0.99999999600000000211 0.00000000099999999897 0.00000000099999999897 0.00000000099999999897 0.00000000099999999897 
0.00000000099999999882 0.00000000099999999882 0.00000000099999999882 0.00000000099999999882 0.99999999600000000211 
0.99999999600000000211 0.00000000099999999888 0.00000000099999999888 0.00000000099999999888 0.00000000099999999888 
0.99999999600000000211 0.00000000099999999863 0.00000000099999999863 0.00000000099999999863 0.00000000099999999863 
0.99999999599999989108 0.00000000099999999887 0.00000000099999999887 0.00000000099999999887 0.00000000099999999887 
0.99999999600000000211 0.00000000099999999859 0.00000000099999999859 0.00000000099999999859 0.00000000099999999859 
0.99999999599999989108 0.00000000099999999895 0.00000000099999999895 0.00000000099999999895 0.00000000099999999895 
0.00000000099999999897 0.00000000099999999897 0.30395791942940170172 0.69604207757059810557 0.00000000099999999897 
0.00000000099999999890 0.00000000099999999890 0.91399691350454959071 0.08600308349545024433 0.00000000099999999890 
0.00000000099999999885 0.00000000099999999885 0.76188807082339549126 0.23811192617660437154 0.00000000099999999885 
0.00000000099999999963 0.00000000099999999963 0.65788861279085830702 0.34211138420914150027 0.00000000099999999963 
0.00000000099999999966 0.03461948645167671479 0.80692054575838922936 0.15845996578993390425 0.00000000099999999966 
0.00000000099999999910 0.00000000099999999910 0.99999999599999989108 0.00000000099999999910 0.00000000099999999910 
0.00000000099999999959 0.00000000099999999959 0.53693137868067619678 0.46306861831932377704 0.00000000099999999959 
0.00000000099999999907 0.00000000099999999907 0.73266287906535487728 0.26733711793464498552 0.00000000099999999907 
0.00000000099999999995 0.00000000099999999995 0.87488492348536550658 0.11826280665632508959 0.00685226785830924962 
0.00992607869755385286 0.02589792359236922289 0.81436225459048072750 0.14981374211959633258 0.00000000099999999998 
0.00000000099999999917 0.00000000099999999917 0.99999999600000000211 0.00000000099999999917 0.00000000099999999917 
0.00000000099999999940 0.00000000099999999940 0.80458630955533616547 0.19541368744466361407 0.00000000099999999940 
0.03956184079247553748 0.00000000099999999912 0.00000000099999999912 0.00000000099999999912 0.96043815620752437390 
0.00000000099999999858 0.00000000099999999858 0.00000000099999999858 0.00000000099999999858 0.99999999600000000211 
0.00000000099999999930 0.00000000099999999930 0.00000000099999999930 0.00000000099999999930 0.99999999600000000211 
0.00000000099999999899 0.00000000099999999899 0.00000000099999999899 0.00000000099999999899 0.99999999599999989108 
0.00000000099999999958 0.00000000099999999958 0.00000000099999999958 0.00000000099999999958 0.99999999599999989108 
0.00000000099999999867 0.00000000099999999867 0.00000000099999999867 0.00000000099999999867 0.99999999599999989108 
0.00000000099999999967 0.00000000099999999967 0.00000000099999999967 0.00000000099999999967 0.99999999599999989108 
0.00000000099999999941 0.00000000099999999941 0.00000000099999999941 0.00000000099999999941 0.99999999599999989108 
0.00000000099999999883 0.00000000099999999883 0.00000000099999999883 0.00000000099999999883 0.99999999599999989108 
0.02750964773083304157 0.00000000099999999917 0.00000000099999999917 0.00000000099999999917 0.97249034926916688715 
0.00000000099999999858 0.00000000099999999858 0.00000000099999999858 0.00000000099999999858 0.99999999599999989108 
0.04617552924601493053 0.00000000099999999903 0.00000000099999999903 0.00000000099999999903 0.95382446775398510574 
0.00000000099999999899 0.00000000099999999899 0.55450583764064598213 0.44549415935935376964 0.00000000099999999899 
0.00000000099999999907 0.00000000099999999907 0.25592872631083596335 0.74407127068916401047 0.00000000099999999907 
0.00000000099999999902 0.00000000099999999902 0.20152785019677943446 0.79847214680322053937 0.00000000099999999902 
0.00000000099999999944 0.00815885719980758567 0.42344740192959073877 0.56839373887060162804 0.00000000099999999944 
0.00000000099999999883 0.00000000099999999883 0.85003169530287381317 0.14996830169712607739 0.00000000099999999883 
0.00000000099999999895 0.00000000099999999895 0.00025076670881280639 0.99974923029118711870 0.00000000099999999895 
0.00000000099999999969 0.00770998997237967026 0.65624102170509390763 0.33604898632252633295 0.00000000099999999969 
0.99999999599999989108 0.00000000099999999846 0.00000000099999999846 0.00000000099999999846 0.00000000099999999846 
0.98955624450069257225 0.00000000099999999928 0.00000000099999999928 0.00000000099999999928 0.01044375249930742933 
0.00049482167625488987 0.00000000099999999925 0.00000000099999999925 0.00000000099999999925 0.99950517532374505425 
0.00000000099999999940 0.00000000099999999940 0.00000000099999999940 0.00000000099999999940 0.99999999599999989108 
0.00000000099999999885 0.00000000099999999885 0.00000000099999999885 0.00000000099999999885 0.99999999600000000211 
0.00000000099999999955 0.00000000099999999955 0.29607936053656164210 0.70392063646343838723 0.00000000099999999955 
0.00000000099999999871 0.00000000099999999871 0.00000000099999999871 0.00000000099999999871 0.99999999599999989108 
0.00000000099999999873 0.00000000099999999873 0.00000000099999999873 0.00000000099999999873 0.99999999600000000211 
0.00000000099999999878 0.00000000099999999878 0.00000000099999999878 0.00000000099999999878 0.99999999599999989108 
0.00000000099999999895 0.00000000099999999895 0.21024314731462789840 0.78975684968537196440 0.00000000099999999895 
0.00000000099999999890 0.00000000099999999890 0.91128831824821698859 0.08871167875178284645 0.00000000099999999890 
0.00000000099999999886 0.00000000099999999886 0.52668383645688054973 0.47331616054311936859 0.00000000099999999886 
0.00000000099999999964 0.01171609213577962452 0.95363948580835966595 0.03464442005586058915 0.00000000099999999964 
0.99999999600000000211 0.00000000099999999936 0.00000000099999999936 0.00000000099999999936 0.00000000099999999936 
0.00190168015360407737 0.00000000099999999981 0.39569182758978616032 0.60240649025660975013 0.00000000099999999981 
0.96793182632581364899 0.02665515004847968800 0.00000000099999999984 0.00000000099999999984 0.00541302162570665366 
0.00000000099999999908 0.00000000099999999908 0.72941264087622903478 0.27058735612377099455 0.00000000099999999908 
0.99999999600000000211 0.00000000099999999865 0.00000000099999999865 0.00000000099999999865 0.00000000099999999865 
0.00000000099999999954 0.00000000099999999954 0.00000000099999999954 0.00000000099999999954 0.99999999599999989108 
0.00000000099999999898 0.00000000099999999898 0.52028669503484525904 0.47971330196515465927 0.00000000099999999898 
0.00000000099999999891 0.00000000099999999891 0.00000000099999999891 0.00000000099999999891 0.99999999600000000211 
0.05518924892198077276 0.00000000099999999919 0.00000000099999999919 0.00000000099999999919 0.94481074807801923576 
0.99617216294572930035 0.00000000099999999908 0.00000000099999999908 0.00000000099999999908 0.00382783405427072334 
0.99999999600000000211 0.00000000099999999887 0.00000000099999999887 0.00000000099999999887 0.00000000099999999887 
0.00000000099999999906 0.00000000099999999906 0.00000000099999999906 0.00000000099999999906 0.99999999600000000211 
0.00000000099999999864 0.00000000099999999864 0.00000000099999999864 0.00000000099999999864 0.99999999599999989108 
0.00000000099999999890 0.00000000099999999890 0.00000000099999999890 0.00000000099999999890 0.99999999599999989108 
0.00000000099999999889 0.00000000099999999889 0.00000000099999999889 0.00000000099999999889 0.99999999599999989108 
0.00000000099999999876 0.00000000099999999876 0.00000000099999999876 0.00000000099999999876 0.99999999599999989108 
0.01857191534152291892 0.00000000099999999874 0.00000000099999999874 0.00000000099999999874 0.98142808165847705837 
0.99999999599999989108 0.00000000099999999878 0.00000000099999999878 0.00000000099999999878 0.00000000099999999878 
0.00000000099999999880 0.00000000099999999880 0.00000000099999999880 0.00000000099999999880 0.99999999599999989108 
0.00000000099999999885 0.00000000099999999885 0.69201971273957729736 0.30798028426042273198 0.00000000099999999885 
0.00000000099999999896 0.00000000099999999896 0.72086783706975898767 0.27913215993024076411 0.00000000099999999896 
0.00000000099999999910 0.00000000099999999910 0.42142475561458347943 0.57857524138541638337 0.00000000099999999910 
0.00000000099999999931 0.00000000099999999931 0.80770346682056504140 0.19229653017943487692 0.00000000099999999931 
0.00000000099999999961 0.00506175349749746380 0.32625410423249628922 0.66868414027000622202 0.00000000099999999961 
0.00000000099999999937 0.01149359421634864147 0.42964467852808041481 0.55886172525557087365 0.00000000099999999937 
0.00000000099999999947 0.00000000099999999947 0.42822470898335246448 0.57177528801664756486 0.00000000099999999947 
0.00000000099999999912 0.00000000099999999912 0.99999999600000000211 0.00000000099999999912 0.00000000099999999912 
0.06628284450748336831 0.03207370164677868229 0.89540695487918364748 0.00000000100000000000 0.00623649796655435708 
0.00000000099999999920 0.00000000099999999920 0.72701212105950208109 0.27298787594049783722 0.00000000099999999920 
0.00000000099999999998 0.01111019951217447066 0.07129066793550901948 0.16483300875425010990 0.75276612279806642825 
0.00852509496133190513 0.00000000099999999999 0.52657934317819155012 0.46362456348321046118 0.00127099737726600170 
0.99999999600000011313 0.00000000099999999928 0.00000000099999999928 0.00000000099999999928 0.00000000099999999928 
0.00000000099999999890 0.00000000099999999890 0.00000000099999999890 0.00000000099999999890 0.99999999600000000211 
0.00000000099999999922 0.00000000099999999922 0.00000000099999999922 0.00000000099999999922 0.99999999599999989108 
0.01929267842253282531 0.00000000099999999853 0.00000000099999999853 0.00000000099999999853 0.98070731857746706872 
0.00000000099999999947 0.00000000099999999947 0.00000000099999999947 0.00000000099999999947 0.99999999600000000211 
0.00000000099999999858 0.00000000099999999858 0.00000000099999999858 0.00000000099999999858 0.99999999600000000211 
0.00000000099999999895 0.00000000099999999895 0.00000000099999999895 0.00000000099999999895 0.99999999599999989108 
0.00000000099999999868 0.00000000099999999868 0.00000000099999999868 0.00000000099999999868 0.99999999599999989108 
0.00000000099999999852 0.00000000099999999852 0.00000000099999999852 0.00000000099999999852 0.99999999599999989108 
0.00000000099999999931 0.00721686280966844958 0.51552674666979025897 0.47725638852054119710 0.00000000099999999931 
0.00000000099999999915 0.00000000099999999915 0.18958234117483521719 0.81041765582516467337 0.00000000099999999915 
0.00000000099999999883 0.00000000099999999883 0.64148944548853381598 0.35851055151146599131 0.00000000099999999883 
0.00000000099999999886 0.00000000099999999886 0.60861325889227402275 0.39138673810772595107 0.00000000099999999886 
0.98161263088054384607 0.01838736611945628041 0.00000000099999999988 0.00000000099999999988 0.00000000099999999988 
0.00000000099999999879 0.00000000099999999879 0.90848136056334038990 0.09151863643665954229 0.00000000099999999879 
0.00000000099999999936 0.01750848778368454053 0.75945549701584491586 0.22303601320047053425 0.00000000099999999936 
0.00000000099999999909 0.00000000099999999909 0.06150570250936886890 0.93849429449063115349 0.00000000099999999909 
0.01646382492283555293 0.00000000099999999891 0.00000000099999999891 0.00000000099999999891 0.98353617207716437232 
0.00000000099999999992 0.00000000099999999992 0.64318495571940303979 0.34489564207701595144 0.01191940020358093696 
0.00000000099999999954 0.00001562321569882834 0.78319584787634743961 0.21678852690795372138 0.00000000099999999954 
0.01161302960774331788 0.00000000099999999864 0.00000000099999999864 0.00000000099999999864 0.98838696739225662125 
0.00000000099999999863 0.00000000099999999863 0.00000000099999999863 0.00000000099999999863 0.99999999600000000211 
0.03362960804106338020 0.00000000099999999902 0.00000000099999999902 0.00000000099999999902 0.96637038895893667689 
0.00000000099999999874 0.00000000099999999874 0.00000000099999999874 0.00000000099999999874 0.99999999600000000211 
0.00000000099999999881 0.00000000099999999881 0.00000000099999999881 0.00000000099999999881 0.99999999600000000211 
0.00000000099999999861 0.00000000099999999861 0.00000000099999999861 0.00000000099999999861 0.99999999599999989108 
0.00000000099999999887 0.00000000099999999887 0.00000000099999999887 0.00000000099999999887 0.99999999599999989108 
0.00000000099999999846 0.00000000099999999846 0.00000000099999999846 0.00000000099999999846 0.99999999600000000211 
0.00000000099999999854 0.00000000099999999854 0.00000000099999999854 0.00000000099999999854 0.99999999600000000211 
0.00000000099999999896 0.00000000099999999896 0.50051858126857640130 0.49948141573142340599 0.00000000099999999896 
0.00000000099999999892 0.00000000099999999892 0.99999999599999989108 0.00000000099999999892 0.00000000099999999892 
0.00000000099999999905 0.00000000099999999905 0.75917987621736127135 0.24082012078263870247 0.00000000099999999905 
0.00000000099999999938 0.00000000099999999938 0.76518754927431231749 0.23481244772568768409 0.00000000099999999938 
0.05071468631079849992 0.00000000099999999996 0.62863116807618013571 0.32065414361302130297 0.00000000099999999996 
0.00000000099999999908 0.00000000099999999908 0.38921342204636905082 0.61078657495363086749 0.00000000099999999908 
0.01526149642181270569 0.00000000099999999999 0.11905014781479274222 0.00000000099999999999 0.86568835376339459131 
0.95384637275080441654 0.00785514544143355552 0.00000010693149806509 0.01501784153493771791 0.02328053334132634128 
0.00000000099999999939 0.00304261051072225643 0.51987131697976296518 0.47708607050951473694 0.00000000099999999939 
0.00000000099999999992 0.05935862454086643369 0.05672947698366859193 0.00000000099999999992 0.88391189647546497543 
0.00000000099999999942 0.00000000099999999942 0.52870509349681871214 0.47129490350318109515 0.00000000099999999942 
0.99999999600000000211 0.00000000099999999857 0.00000000099999999857 0.00000000099999999857 0.00000000099999999857 
0.99999999599999989108 0.00000000099999999852 0.00000000099999999852 0.00000000099999999852 0.00000000099999999852 
0.99999999600000000211 0.00000000099999999867 0.00000000099999999867 0.00000000099999999867 0.00000000099999999867 
0.99999999600000000211 0.00000000099999999857 0.00000000099999999857 0.00000000099999999857 0.00000000099999999857 
0.99999999600000000211 0.00000000099999999842 0.00000000099999999842 0.00000000099999999842 0.00000000099999999842 
0.99999999599999989108 0.00000000099999999870 0.00000000099999999870 0.00000000099999999870 0.00000000099999999870 
0.99999999600000000211 0.00000000099999999874 0.00000000099999999874 0.00000000099999999874 0.00000000099999999874 
0.99999999600000000211 0.00000000099999999859 0.00000000099999999859 0.00000000099999999859 0.00000000099999999859 
0.99999999600000000211 0.00000000099999999851 0.00000000099999999851 0.00000000099999999851 0.00000000099999999851 
0.99999999600000000211 0.00000000099999999840 0.00000000099999999840 0.00000000099999999840 0.00000000099999999840 
0.99999999599999989108 0.00000000099999999846 0.00000000099999999846 0.00000000099999999846 0.00000000099999999846 
0.99999999600000000211 0.00000000099999999868 0.00000000099999999868 0.00000000099999999868 0.00000000099999999868 
0.00000000099999999901 0.00000000099999999901 0.91043629545762561062 0.08956370154237418280 0.00000000099999999901 
0.00000000099999999882 0.00000000099999999882 0.55022475122804481718 0.44977524577195510114 0.00000000099999999882 
0.00000000099999999878 0.00000000099999999878 0.99999999598926037070 0.00000000101073948141 0.00000000099999999878 
0.00000000099999999939 0.00000000099999999939 0.99999247495133236630 0.00000752204866763615 0.00000000099999999939 
